      0.30000000E+01     -0.65021353E+02     -0.49889921E+02
      0.30002500E+01     -0.65315052E+02      0.90326066E+02
      0.30005000E+01     -0.65625665E+02     -0.12861949E+03
      0.30007500E+01     -0.65894326E+02      0.13297885E+02
      0.30010000E+01     -0.66060107E+02      0.15590111E+03
      0.30012500E+01     -0.66080154E+02     -0.61196878E+02
      0.30015000E+01     -0.65948667E+02      0.81508516E+02
      0.30017500E+01     -0.65699670E+02     -0.13641325E+03
      0.30020000E+01     -0.65391058E+02      0.48012802E+01
      0.30022500E+01     -0.65083292E+02      0.14512774E+03
      0.30025000E+01     -0.64825553E+02     -0.75304602E+02
      0.30027500E+01     -0.64651396E+02      0.63716728E+02
      0.30030000E+01     -0.64579696E+02     -0.15756119E+03
      0.30032500E+01     -0.64616741E+02     -0.18881493E+02
      0.30035000E+01     -0.64757322E+02      0.12001101E+03
      0.30037500E+01     -0.64984244E+02     -0.10064049E+03
      0.30040000E+01     -0.65266752E+02      0.39374243E+02
      0.30042500E+01     -0.65559700E+02     -0.17980875E+03
      0.30045000E+01     -0.65806953E+02     -0.38188836E+02
      0.30047500E+01     -0.65952827E+02      0.10404409E+03
      0.30050000E+01     -0.65960713E+02     -0.11348542E+03
      0.30052500E+01     -0.65828906E+02      0.28764147E+02
      0.30055000E+01     -0.65591226E+02      0.17040692E+03
      0.30057500E+01     -0.65301846E+02     -0.48761800E+02
      0.30060000E+01     -0.65016412E+02      0.91245405E+02
      0.30062500E+01     -0.64779950E+02     -0.12944538E+03
      0.30065000E+01     -0.64622996E+02      0.93678481E+01
      0.30067500E+01     -0.64562303E+02      0.14791904E+03
      0.30070000E+01     -0.64602566E+02     -0.73549700E+02
      0.30072500E+01     -0.64737359E+02      0.65199321E+02
      0.30075000E+01     -0.64948843E+02     -0.15561301E+03
      0.30077500E+01     -0.65206846E+02     -0.15804530E+02
      0.30080000E+01     -0.65469073E+02      0.12472995E+03
      0.30082500E+01     -0.65685338E+02     -0.94031833E+02
      0.30085000E+01     -0.65808309E+02      0.47722330E+02
      0.30087500E+01     -0.65808898E+02     -0.17034447E+03
      0.30090000E+01     -0.65688001E+02     -0.28626682E+02
      0.30092500E+01     -0.65475765E+02      0.11254950E+03
      0.30095000E+01     -0.65218985E+02     -0.10698921E+03
      0.30097500E+01     -0.64965846E+02      0.32745698E+02
      0.30100000E+01     -0.64755838E+02      0.17186269E+03
      0.30102500E+01     -0.64616083E+02     -0.49460989E+02
      0.30105000E+01     -0.64561475E+02      0.88982557E+02
      0.30107500E+01     -0.64595898E+02     -0.13259080E+03
      0.30110000E+01     -0.64713020E+02      0.60290135E+01
      0.30112500E+01     -0.64896329E+02      0.14503302E+03
      0.30115000E+01     -0.65118906E+02     -0.75427066E+02
      0.30117500E+01     -0.65344349E+02      0.64730249E+02
      0.30120000E+01     -0.65530845E+02     -0.15452085E+03
      0.30122500E+01     -0.65639780E+02     -0.13337720E+02
      0.30125000E+01     -0.65647198E+02      0.12800689E+03
      0.30127500E+01     -0.65552396E+02     -0.90806632E+02
      0.30130000E+01     -0.65377848E+02      0.49948438E+02
      0.30132500E+01     -0.65160512E+02     -0.16988709E+03
      0.30135000E+01     -0.64940354E+02     -0.30343164E+02
      0.30137500E+01     -0.64751797E+02      0.10865414E+03
      0.30140000E+01     -0.64619752E+02     -0.11275556E+03
      0.30142500E+01     -0.64558888E+02      0.25600663E+02
      0.30145000E+01     -0.64574213E+02      0.16390728E+03
      0.30147500E+01     -0.64661689E+02     -0.57654134E+02
      0.30150000E+01     -0.64808466E+02      0.81082179E+02
      0.30152500E+01     -0.64993015E+02     -0.13975048E+03
      0.30155000E+01     -0.65186059E+02     -0.74590941E-01
      0.30157500E+01     -0.65353613E+02      0.14010443E+03
      0.30160000E+01     -0.65463111E+02     -0.79320959E+02
      0.30162500E+01     -0.65491765E+02      0.61446370E+02
      0.30165000E+01     -0.65433746E+02     -0.15784839E+03
      0.30167500E+01     -0.65302005E+02     -0.17444475E+02
      0.30170000E+01     -0.65123546E+02      0.12249393E+03
      0.30172500E+01     -0.64931125E+02     -0.98096179E+02
      0.30175000E+01     -0.64755644E+02      0.40815415E+02
      0.30177500E+01     -0.64621530E+02      0.17932643E+03
      0.30180000E+01     -0.64544930E+02     -0.42425220E+02
      0.30182500E+01     -0.64533526E+02      0.95717200E+02
      0.30185000E+01     -0.64586840E+02     -0.12608614E+03
      0.30187500E+01     -0.64696487E+02      0.12315631E+02
      0.30190000E+01     -0.64846376E+02      0.15104997E+03
      0.30192500E+01     -0.65013393E+02     -0.69797422E+02
      0.30195000E+01     -0.65169454E+02      0.69795824E+02
      0.30197500E+01     -0.65285748E+02     -0.15022951E+03
      0.30200000E+01     -0.65339054E+02     -0.10016640E+02
      0.30202500E+01     -0.65318175E+02      0.13023140E+03
      0.30205000E+01     -0.65227389E+02     -0.89699799E+02
      0.30207500E+01     -0.65084868E+02      0.50017314E+02
      0.30210000E+01     -0.64917036E+02     -0.17071283E+03
      0.30212500E+01     -0.64751858E+02     -0.31901914E+02
      0.30215000E+01     -0.64613683E+02      0.10650811E+03
      0.30217500E+01     -0.64520435E+02     -0.11537711E+03
      0.30220000E+01     -0.64482627E+02      0.22574786E+02
      0.30222500E+01     -0.64503290E+02      0.16050648E+03
      0.30225000E+01     -0.64578151E+02     -0.61442210E+02
      0.30227500E+01     -0.64695879E+02      0.76852868E+02
      0.30230000E+01     -0.64838601E+02     -0.14451465E+03
      0.30232500E+01     -0.64983277E+02     -0.54991751E+01
      0.30235000E+01     -0.65104607E+02      0.13388019E+03
      0.30237500E+01     -0.65179673E+02     -0.86468193E+02
      0.30240000E+01     -0.65193413E+02      0.53301880E+02
      0.30242500E+01     -0.65142788E+02     -0.16699378E+03
      0.30245000E+01     -0.65037533E+02     -0.27526081E+02
      0.30247500E+01     -0.64897075E+02      0.11158522E+03
      0.30250000E+01     -0.64745266E+02     -0.10971015E+03
      0.30252500E+01     -0.64605277E+02      0.28604687E+02
      0.30255000E+01     -0.64496088E+02      0.16659868E+03
      0.30257500E+01     -0.64430738E+02     -0.55625490E+02
      0.30260000E+01     -0.64415779E+02      0.82052137E+02
      0.30262500E+01     -0.64451307E+02     -0.14024444E+03
      0.30265000E+01     -0.64531199E+02     -0.23985877E+01
      0.30267500E+01     -0.64643507E+02      0.13568741E+03
      0.30270000E+01     -0.64771259E+02     -0.85920498E+02
      0.30272500E+01     -0.64894111E+02      0.52798358E+02
      0.30275000E+01     -0.64991184E+02     -0.16819096E+03
      0.30277500E+01     -0.65044951E+02     -0.28980119E+02
      0.30280000E+01     -0.65045209E+02      0.11029583E+03
      0.30282500E+01     -0.64991605E+02     -0.11051417E+03
      0.30285000E+01     -0.64893509E+02      0.28455582E+02
      0.30287500E+01     -0.64767321E+02      0.16711367E+03
      0.30290000E+01     -0.64632486E+02     -0.54576732E+02
      0.30292500E+01     -0.64507750E+02      0.83399467E+02
      0.30295000E+01     -0.64408561E+02     -0.13890201E+03
      0.30297500E+01     -0.64345713E+02     -0.13986808E+01
      0.30300000E+01     -0.64324889E+02      0.13600598E+03
      0.30302500E+01     -0.64346685E+02     -0.86588017E+02
      0.30305000E+01     -0.64406851E+02      0.50913884E+02
      0.30307500E+01     -0.64496683E+02     -0.17140778E+03
      0.30310000E+01     -0.64603674E+02     -0.33495294E+02
      0.30312500E+01     -0.64712653E+02      0.10467746E+03
      0.30315000E+01     -0.64807582E+02     -0.11690192E+03
      0.30317500E+01     -0.64873976E+02      0.21713663E+02
      0.30320000E+01     -0.64901515E+02      0.16043692E+03
      0.30322500E+01     -0.64886060E+02     -0.60839070E+02
      0.30325000E+01     -0.64830309E+02      0.77779317E+02
      0.30327500E+01     -0.64742809E+02     -0.14379436E+03
      0.30330000E+01     -0.64635762E+02     -0.56139815E+01
      0.30332500E+01     -0.64522447E+02      0.13230256E+03
      0.30335000E+01     -0.64415038E+02     -0.90030955E+02
      0.30337500E+01     -0.64323195E+02      0.47422163E+02
      0.30340000E+01     -0.64253463E+02     -0.17528832E+03
      0.30342500E+01     -0.64209309E+02     -0.38108387E+02
      0.30345000E+01     -0.64191564E+02      0.99013425E+02
      0.30347500E+01     -0.64199125E+02     -0.12387832E+03
      0.30350000E+01     -0.64229736E+02      0.13252147E+02
      0.30352500E+01     -0.64280739E+02      0.15043249E+03
      0.30355000E+01     -0.64349622E+02     -0.72314824E+02
      0.30357500E+01     -0.64434213E+02      0.65032033E+02
      0.30360000E+01     -0.64532380E+02     -0.15750071E+03
      0.30362500E+01     -0.64641177E+02     -0.19878819E+02
      0.30365000E+01     -0.64755507E+02      0.11794003E+03
      0.30367500E+01     -0.64866565E+02     -0.10399970E+03
      0.30370000E+01     -0.64960599E+02      0.34334835E+02
      0.30372500E+01     -0.65018838E+02      0.17294337E+03
      0.30375000E+01     -0.65019618E+02     -0.48232196E+02
      0.30377500E+01     -0.64943262E+02      0.90675093E+02
      0.30380000E+01     -0.64778785E+02     -0.13053767E+03
      0.30382500E+01     -0.64529614E+02      0.78912230E+01
      0.30385000E+01     -0.64215136E+02      0.14574157E+03
      0.30387500E+01     -0.63867169E+02     -0.77140827E+02
      0.30390000E+01     -0.63523600E+02      0.59178621E+02
      0.30392500E+01     -0.63222485E+02     -0.16528042E+03
      0.30395000E+01     -0.62998552E+02     -0.30430946E+02
      0.30397500E+01     -0.62882207E+02      0.10386347E+03
      0.30400000E+01     -0.62900143E+02     -0.12222093E+03
      0.30402500E+01     -0.63076522E+02      0.11534619E+02
      0.30405000E+01     -0.63433759E+02      0.14540934E+03
      0.30407500E+01     -0.63991511E+02     -0.80219114E+02
      0.30410000E+01     -0.64760717E+02      0.55190573E+02
      0.30412500E+01     -0.65724650E+02     -0.16756629E+03
      0.30415000E+01     -0.66789787E+02     -0.27402462E+02
      0.30417500E+01     -0.67695332E+02      0.11668040E+03
      0.30420000E+01     -0.67993775E+02     -0.95872354E+02
      0.30422500E+01     -0.67397273E+02      0.51560486E+02
      0.30425000E+01     -0.66153883E+02     -0.16460778E+03
      0.30427500E+01     -0.64723430E+02     -0.25200533E+02
      0.30430000E+01     -0.63393918E+02      0.11069798E+03
      0.30432500E+01     -0.62278348E+02     -0.11582602E+03
      0.30435000E+01     -0.61407760E+02      0.16024261E+02
      0.30437500E+01     -0.60785484E+02      0.14677732E+03
      0.30440000E+01     -0.60409515E+02     -0.83213683E+02
      0.30442500E+01     -0.60281289E+02      0.46301669E+02
      0.30445000E+01     -0.60409924E+02      0.17552064E+03
      0.30447500E+01     -0.60815876E+02     -0.55374435E+02
      0.30450000E+01     -0.61536348E+02      0.73824718E+02
      0.30452500E+01     -0.62635207E+02     -0.15658111E+03
      0.30455000E+01     -0.64222621E+02     -0.26047532E+02
      0.30457500E+01     -0.66494328E+02      0.10665408E+03
      0.30460000E+01     -0.69782165E+02     -0.11493130E+03
      0.30462500E+01     -0.74019584E+02      0.41625618E+02
      0.30465000E+01     -0.74009979E+02     -0.13557226E+03
      0.30467500E+01     -0.69615579E+02      0.21401770E+02
      0.30470000E+01     -0.66142186E+02      0.15969072E+03
      0.30472500E+01     -0.63689659E+02     -0.68014248E+02
      0.30475000E+01     -0.61923076E+02      0.61897379E+02
      0.30477500E+01     -0.60643909E+02     -0.16934574E+03
      0.30480000E+01     -0.59740505E+02     -0.41222410E+02
      0.30482500E+01     -0.59148579E+02      0.86528549E+02
      0.30485000E+01     -0.58831738E+02     -0.14594271E+03
      0.30487500E+01     -0.58772238E+02     -0.18537377E+02
      0.30490000E+01     -0.58967118E+02      0.10882075E+03
      0.30492500E+01     -0.59427835E+02     -0.12379671E+03
      0.30495000E+01     -0.60183359E+02      0.36947828E+01
      0.30497500E+01     -0.61288446E+02      0.13141997E+03
      0.30500000E+01     -0.62842584E+02     -0.10039540E+03
      0.30502500E+01     -0.65035939E+02      0.28750020E+02
      0.30505000E+01     -0.68278259E+02      0.16030236E+03
      0.30507500E+01     -0.73613152E+02     -0.59298469E+02
      0.30510000E+01     -0.79944720E+02      0.13537828E+03
      0.30512500E+01     -0.72809114E+02     -0.40277914E+02
      0.30515000E+01     -0.67802519E+02      0.98206930E+02
      0.30517500E+01     -0.64703251E+02     -0.13067243E+03
      0.30520000E+01     -0.62577721E+02     -0.16863584E+01
      0.30522500E+01     -0.61051892E+02      0.12641603E+03
      0.30525000E+01     -0.59947360E+02     -0.10592037E+03
      0.30527500E+01     -0.59168026E+02      0.21503980E+02
      0.30530000E+01     -0.58658711E+02      0.14879451E+03
      0.30532500E+01     -0.58387630E+02     -0.83984516E+02
      0.30535000E+01     -0.58338369E+02      0.43212470E+02
      0.30537500E+01     -0.58506343E+02      0.17042412E+03
      0.30540000E+01     -0.58897950E+02     -0.62309519E+02
      0.30542500E+01     -0.59532021E+02      0.65061922E+02
      0.30545000E+01     -0.60444245E+02     -0.16738671E+03
      0.30547500E+01     -0.61696930E+02     -0.39527132E+02
      0.30550000E+01     -0.63400526E+02      0.88894080E+02
      0.30552500E+01     -0.65765883E+02     -0.14152726E+03
      0.30555000E+01     -0.69252006E+02     -0.89764842E+01
      0.30557500E+01     -0.74996316E+02      0.13527234E+03
      0.30560000E+01     -0.79367374E+02     -0.20863409E+02
      0.30562500E+01     -0.72201106E+02      0.15062198E+03
      0.30565000E+01     -0.67616011E+02     -0.72338399E+02
      0.30567500E+01     -0.64684183E+02      0.58590654E+02
      0.30570000E+01     -0.62626079E+02     -0.17240419E+03
      0.30572500E+01     -0.61114667E+02     -0.44231529E+02
      0.30575000E+01     -0.59988602E+02      0.83513271E+02
      0.30577500E+01     -0.59158503E+02     -0.14898476E+03
      0.30580000E+01     -0.58571304E+02     -0.21627736E+02
      0.30582500E+01     -0.58194641E+02      0.10564259E+03
      0.30585000E+01     -0.58009359E+02     -0.12713488E+03
      0.30587500E+01     -0.58005797E+02      0.69377124E-01
      0.30590000E+01     -0.58182148E+02      0.12728149E+03
      0.30592500E+01     -0.58544232E+02     -0.10547113E+03
      0.30595000E+01     -0.59106584E+02      0.21845324E+02
      0.30597500E+01     -0.59895311E+02      0.14927906E+03
      0.30600000E+01     -0.60953943E+02     -0.83092407E+02
      0.30602500E+01     -0.62355416E+02      0.44871172E+02
      0.30605000E+01     -0.64228471E+02      0.17345978E+03
      0.30607500E+01     -0.66823692E+02     -0.56607225E+02
      0.30610000E+01     -0.70709695E+02      0.77054828E+02
      0.30612500E+01     -0.77279332E+02     -0.13207679E+03
      0.30615000E+01     -0.78401636E+02      0.82041928E+02
      0.30617500E+01     -0.71377339E+02     -0.12090165E+03
      0.30620000E+01     -0.67214007E+02      0.13718638E+02
      0.30622500E+01     -0.64465175E+02      0.14390536E+03
      0.30625000E+01     -0.62484319E+02     -0.87439399E+02
      0.30627500E+01     -0.60992333E+02      0.40513128E+02
      0.30630000E+01     -0.59847152E+02      0.16808602E+03
      0.30632500E+01     -0.58967896E+02     -0.64568732E+02
      0.30635000E+01     -0.58305102E+02      0.62630260E+02
      0.30637500E+01     -0.57827286E+02     -0.17026889E+03
      0.30640000E+01     -0.57514255E+02     -0.43235147E+02
      0.30642500E+01     -0.57353577E+02      0.83753285E+02
      0.30645000E+01     -0.57338704E+02     -0.14928672E+03
      0.30647500E+01     -0.57468094E+02     -0.22340570E+02
      0.30650000E+01     -0.57745041E+02      0.10460609E+03
      0.30652500E+01     -0.58178177E+02     -0.12843064E+03
      0.30655000E+01     -0.58782796E+02     -0.14303535E+01
      0.30657500E+01     -0.59583447E+02      0.12563594E+03
      0.30660000E+01     -0.60618832E+02     -0.10718628E+03
      0.30662500E+01     -0.61951376E+02      0.20182201E+02
      0.30665000E+01     -0.63687600E+02      0.14789696E+03
      0.30667500E+01     -0.66027478E+02     -0.83683056E+02
      0.30670000E+01     -0.69409920E+02      0.46504567E+02
      0.30672500E+01     -0.75088765E+02     -0.17650897E+03
      0.30675000E+01     -0.83914619E+02      0.25054010E+02
      0.30677500E+01     -0.74490211E+02     -0.14390492E+03
      0.30680000E+01     -0.69070445E+02     -0.79718447E+01
      0.30682500E+01     -0.65781364E+02      0.12199124E+03
      0.30685000E+01     -0.63479513E+02     -0.10967697E+03
      0.30687500E+01     -0.61753209E+02      0.17987937E+02
      0.30690000E+01     -0.60410848E+02      0.14531963E+03
      0.30692500E+01     -0.59348273E+02     -0.87535459E+02
      0.30695000E+01     -0.58502896E+02      0.39497536E+02
      0.30697500E+01     -0.57834473E+02      0.16646133E+03
      0.30700000E+01     -0.57315912E+02     -0.66617513E+02
      0.30702500E+01     -0.56928463E+02      0.60278731E+02
      0.30705000E+01     -0.56659017E+02     -0.17283729E+03
      0.30707500E+01     -0.56498526E+02     -0.45955986E+02
      0.30710000E+01     -0.56441074E+02      0.80930437E+02
      0.30712500E+01     -0.56483340E+02     -0.15217123E+03
      0.30715000E+01     -0.56624350E+02     -0.25254530E+02
      0.30717500E+01     -0.56865449E+02      0.10168720E+03
      0.30720000E+01     -0.57210501E+02     -0.13133847E+03
      0.30722500E+01     -0.57666338E+02     -0.43221510E+01
      0.30725000E+01     -0.58243582E+02      0.12274867E+03
      0.30727500E+01     -0.58958020E+02     -0.11010808E+03
      0.30730000E+01     -0.59832936E+02      0.17134944E+02
      0.30732500E+01     -0.60903207E+02      0.14452223E+03
      0.30735000E+01     -0.62222933E+02     -0.87868191E+02
      0.30737500E+01     -0.63880868E+02      0.40114063E+02
      0.30740000E+01     -0.66035462E+02      0.16879960E+03
      0.30742500E+01     -0.69008110E+02     -0.60923121E+02
      0.30745000E+01     -0.73589720E+02      0.74334653E+02
      0.30747500E+01     -0.81527575E+02     -0.11989688E+03
      0.30750000E+01     -0.77548822E+02      0.95490586E+02
      0.30752500E+01     -0.71180798E+02     -0.12024208E+03
      0.30755000E+01     -0.67406307E+02      0.11884399E+02
      0.30757500E+01     -0.64792574E+02      0.14119668E+03
      0.30760000E+01     -0.62819933E+02     -0.90559619E+02
      0.30762500E+01     -0.61255939E+02      0.37164921E+02
      0.30765000E+01     -0.59977743E+02      0.16459706E+03
      0.30767500E+01     -0.58912730E+02     -0.68152533E+02
      0.30770000E+01     -0.58014424E+02      0.58976835E+02
      0.30772500E+01     -0.57251261E+02     -0.17397848E+03
      0.30775000E+01     -0.56600773E+02     -0.46995097E+02
      0.30777500E+01     -0.56046346E+02      0.79942977E+02
      0.30780000E+01     -0.55575285E+02     -0.15315274E+03
      0.30782500E+01     -0.55177616E+02     -0.26273569E+02
      0.30785000E+01     -0.54845300E+02      0.10058732E+03
      0.30787500E+01     -0.54571712E+02     -0.13256454E+03
      0.30790000E+01     -0.54351281E+02     -0.57245714E+01
      0.30792500E+01     -0.54179237E+02      0.12111111E+03
      0.30795000E+01     -0.54051436E+02     -0.11205419E+03
      0.30797500E+01     -0.53964225E+02      0.14782299E+02
      0.30800000E+01     -0.53914358E+02      0.14162292E+03
      0.30802500E+01     -0.53898924E+02     -0.91530450E+02
      0.30805000E+01     -0.53915301E+02      0.35323624E+02
      0.30807500E+01     -0.53961125E+02      0.16218612E+03
      0.30810000E+01     -0.54034264E+02     -0.70942433E+02
      0.30812500E+01     -0.54132809E+02      0.55938002E+02
      0.30815000E+01     -0.54255059E+02     -0.17717298E+03
      0.30817500E+01     -0.54399519E+02     -0.50276249E+02
      0.30820000E+01     -0.54564900E+02      0.76626934E+02
      0.30822500E+01     -0.54750113E+02     -0.15646507E+03
      0.30825000E+01     -0.54954272E+02     -0.29554164E+02
      0.30827500E+01     -0.55176686E+02      0.97357525E+02
      0.30830000E+01     -0.55416862E+02     -0.13573221E+03
      0.30832500E+01     -0.55674491E+02     -0.88255373E+01
      0.30835000E+01     -0.55949438E+02      0.11807549E+03
      0.30837500E+01     -0.56241733E+02     -0.11503089E+03
      0.30840000E+01     -0.56551547E+02      0.11853935E+02
      0.30842500E+01     -0.56879175E+02      0.13872905E+03
      0.30845000E+01     -0.57225013E+02     -0.94405880E+02
      0.30847500E+01     -0.57589530E+02      0.32449434E+02
      0.30850000E+01     -0.57973247E+02      0.15929595E+03
      0.30852500E+01     -0.58395886E+02     -0.74183971E+02
      0.30855000E+01     -0.58817232E+02      0.52645595E+02
      0.30857500E+01     -0.59251180E+02      0.17706422E+03
      0.30860000E+01     -0.59713394E+02     -0.56233011E+02
      0.30862500E+01     -0.60197346E+02      0.70464522E+02
      0.30865000E+01     -0.60703380E+02     -0.16283984E+03
      0.30867500E+01     -0.61231745E+02     -0.36142568E+02
      0.30870000E+01     -0.61782592E+02      0.90559848E+02
      0.30872500E+01     -0.62355963E+02     -0.14272923E+03
      0.30875000E+01     -0.62951804E+02     -0.16006769E+02
      0.30877500E+01     -0.63569966E+02      0.11072971E+03
      0.30880000E+01     -0.64210228E+02     -0.12251800E+03
      0.30882500E+01     -0.64872315E+02      0.42510210E+01
      0.30885000E+01     -0.65555938E+02      0.13103668E+03
      0.30887500E+01     -0.66260829E+02     -0.10216221E+03
      0.30890000E+01     -0.66986786E+02      0.24652025E+02
      0.30892500E+01     -0.67733731E+02      0.15147598E+03
      0.30895000E+01     -0.68501756E+02     -0.81694742E+02
      0.30897500E+01     -0.69291180E+02      0.45134729E+02
      0.30900000E+01     -0.70102595E+02      0.17195882E+03
      0.30902500E+01     -0.70936906E+02     -0.61228069E+02
      0.30905000E+01     -0.71795358E+02      0.65568928E+02
      0.30907500E+01     -0.72679551E+02     -0.16765431E+03
      0.30910000E+01     -0.73591434E+02     -0.40900282E+02
      0.30912500E+01     -0.74533283E+02      0.85830744E+02
      0.30915000E+01     -0.75507668E+02     -0.14745861E+03
      0.30917500E+01     -0.76517391E+02     -0.20762212E+02
      0.30920000E+01     -0.77565413E+02      0.10593027E+03
      0.30922500E+01     -0.78654755E+02     -0.12736601E+03
      0.30925000E+01     -0.79788376E+02     -0.63034462E+00
      0.30927500E+01     -0.80969004E+02      0.12616418E+03
      0.30930000E+01     -0.82198918E+02     -0.10694857E+03
      0.30932500E+01     -0.83479652E+02      0.20072799E+02
      0.30935000E+01     -0.84811584E+02      0.14727751E+03
      0.30937500E+01     -0.86193401E+02     -0.85277680E+02
      0.30940000E+01     -0.87621393E+02      0.42469863E+02
      0.30942500E+01     -0.89088634E+02      0.17058480E+03
      0.30945000E+01     -0.90584158E+02     -0.60873642E+02
      0.30947500E+01     -0.92092453E+02      0.68136101E+02
      0.30950000E+01     -0.93593842E+02     -0.16237923E+03
      0.30952500E+01     -0.95066474E+02     -0.32466875E+02
      0.30955000E+01     -0.96490399E+02      0.97758298E+02
      0.30957500E+01     -0.97853221E+02     -0.13188367E+03
      0.30960000E+01     -0.99155423E+02     -0.16120665E+01
      0.30962500E+01     -0.10041288E+03      0.12835854E+03
      0.30965000E+01     -0.10312852E+03     -0.15347487E+03
      0.30967500E+01     -0.10469361E+03     -0.27712602E+02
      0.30970000E+01     -0.10624684E+03      0.97071515E+02
      0.30972500E+01     -0.10780583E+03     -0.13944183E+03
      0.30975000E+01     -0.10938613E+03     -0.17586728E+02
      0.30977500E+01     -0.11099056E+03      0.10227780E+03
      0.30980000E+01     -0.11259438E+03     -0.14022529E+03
      0.30982500E+01     -0.11412726E+03     -0.25409052E+02
      0.30985000E+01     -0.11546467E+03      0.86709725E+02
      0.30987500E+01     -0.11646106E+03     -0.16325428E+03
      0.30990000E+01     -0.11703993E+03     -0.54005640E+02
      0.30992500E+01     -0.11726212E+03      0.55844553E+02
      0.30995000E+01     -0.11728234E+03      0.16708166E+03
      0.30997500E+01     -0.11725434E+03     -0.80207685E+02
      0.31000000E+01     -0.11728326E+03      0.33685298E+02
