    3.0000    2.8449  -40.6078   35.9053   -65.332     0.000   0   0   1   0   
    3.0000    2.8536  -51.2219   48.0700   -86.574  -180.000   1   0   0   0   
    3.0002    2.8451  -40.6169   35.9161   -65.328     0.000   0   0   1   0   
    3.0002    2.8538  -51.2218   48.0699   -86.585  -180.000   1   0   0   0   
    3.0005    2.8453  -40.6261   35.9269   -65.323     0.000   0   0   1   0   
    3.0005    2.8539  -51.2217   48.0698   -86.598  -180.000   1   0   0   0   
    3.0008    2.8455  -40.6352   35.9378   -65.319     0.000   0   0   1   0   
    3.0008    2.8541  -51.2216   48.0697   -86.611  -180.000   1   0   0   0   
    3.0010    2.8457  -40.6444   35.9486   -65.314     0.000   0   0   1   0   
    3.0010    2.8542  -51.2215   48.0696   -86.626  -180.000   1   0   0   0   
    3.0013    2.8459  -40.6536   35.9595   -65.310     0.000   0   0   1   0   
    3.0013    2.8544  -51.2214   48.0695   -86.643  -180.000   1   0   0   0   
    3.0015    2.8461  -40.6628   35.9704   -65.305     0.000   0   0   1   0   
    3.0015    2.8546  -51.2213   48.0694   -86.661  -180.000   1   0   0   0   
    3.0017    2.8463  -40.6720   35.9813   -65.301     0.000   0   0   1   0   
    3.0017    2.8547  -51.2212   48.0693   -86.681  -180.000   1   0   0   0   
    3.0020    2.8465  -40.6812   35.9922   -65.296     0.000   0   0   1   0   
    3.0020    2.8549  -51.2211   48.0692   -86.703  -180.000   1   0   0   0   
    3.0023    2.8467  -40.6905   36.0032   -65.292     0.000   0   0   1   0   
    3.0023    2.8551  -51.2210   48.0691   -86.726  -180.000   1   0   0   0   
    3.0025    2.8469  -40.6997   36.0141   -65.287     0.000   0   0   1   0   
    3.0025    2.8552  -51.2210   48.0690   -86.751  -180.000   1   0   0   0   
    3.0027    2.8471  -40.7090   36.0251   -65.283     0.000   0   0   1   0   
    3.0027    2.8554  -51.2209   48.0689   -86.778  -180.000   1   0   0   0   
    3.0030    2.8473  -40.7183   36.0361   -65.278     0.000   0   0   1   0   
    3.0030    2.8555  -51.2208   48.0689   -86.807  -180.000   1   0   0   0   
    3.0032    2.8475  -40.7276   36.0471   -65.273     0.000   0   0   1   0   
    3.0032    2.8557  -51.2207   48.0688   -86.837  -180.000   1   0   0   0   
    3.0035    2.8477  -40.7369   36.0581   -65.269     0.000   0   0   1   0   
    3.0035    2.8559  -51.2207   48.0687   -86.870  -180.000   1   0   0   0   
    3.0038    2.8479  -40.7462   36.0691   -65.264     0.000   0   0   1   0   
    3.0038    2.8560  -51.2206   48.0686   -86.904  -180.000   1   0   0   0   
    3.0040    2.8481  -40.7556   36.0802   -65.260     0.000   0   0   1   0   
    3.0040    2.8562  -51.2205   48.0685   -86.940  -180.000   1   0   0   0   
    3.0042    2.8483  -40.7649   36.0913   -65.255     0.000   0   0   1   0   
    3.0042    2.8563  -51.2204   48.0684   -86.978  -180.000   1   0   0   0   
    3.0045    2.8485  -40.7743   36.1023   -65.250     0.000   0   0   1   0   
    3.0045    2.8565  -51.2204   48.0684   -87.018  -180.000   1   0   0   0   
    3.0048    2.8563  -51.2085   48.0551  -481.515   -90.000   0   0   1   0
    3.0048    2.8486  -40.7837   36.1135   -65.245     0.000   0   0   1   0   
    3.0048    2.8567  -51.2203   48.0683   -87.060  -180.000   1   0   0   0   
    3.0050    2.8564  -51.2052   48.0514  -474.382   -90.000   0   0   1   0
    3.0050    2.8488  -40.7931   36.1246   -65.241     0.000   0   0   1   0   
    3.0050    2.8568  -51.2202   48.0682   -87.104  -180.000   1   0   0   0   
    3.0053    2.8566  -51.2012   48.0469  -468.355   -90.000   0   0   1   0
    3.0053    2.8490  -40.8025   36.1357   -65.236     0.000   0   0   1   0   
    3.0053    2.8570  -51.2202   48.0681   -87.150  -180.000   1   0   0   0   
    3.0055    2.8568  -51.1981   48.0434  -463.153   -90.000   0   0   1   0
    3.0055    2.8492  -40.8120   36.1469   -65.231     0.000   0   0   1   0   
    3.0055    2.8572  -51.2201   48.0681   -87.198  -180.000   1   0   0   0   
    3.0057    2.8569  -51.1980   48.0433  -458.346   -90.000   0   0   1   0
    3.0057    2.8494  -40.8214   36.1580   -65.226     0.000   0   0   1   0   
    3.0057    2.8573  -51.2200   48.0680   -87.248  -180.000   1   0   0   0   
    3.0060    2.8571  -51.1979   48.0433  -453.568   -90.000   0   0   1   0
    3.0060    2.8496  -40.8309   36.1692   -65.222     0.000   0   0   1   0   
    3.0060    2.8575  -51.2200   48.0679   -87.299  -180.000   1   0   0   0   
    3.0063    2.8573  -51.1979   48.0432  -448.819   -90.000   0   0   1   0
    3.0063    2.8498  -40.8404   36.1804   -65.217     0.000   0   0   1   0   
    3.0063    2.8576  -51.2199   48.0678   -87.353  -180.000   1   0   0   0   
    3.0065    2.8574  -51.1976   48.0429  -444.092   -90.000   0   0   1   0
    3.0065    2.8500  -40.8499   36.1917   -65.212     0.000   0   0   1   0   
    3.0065    2.8578  -51.2198   48.0678   -87.408  -180.000   1   0   0   0   
    3.0067    2.8576  -51.1976   48.0429  -439.401   -90.000   0   0   1   0
    3.0067    2.8502  -40.8594   36.2029   -65.207     0.000   0   0   1   0   
    3.0067    2.8580  -51.2198   48.0677   -87.465  -180.000   1   0   0   0   
    3.0070    2.8578  -51.1975   48.0428  -434.739   -90.000   0   0   1   0
    3.0070    2.8504  -40.8689   36.2142   -65.202     0.000   0   0   1   0   
    3.0070    2.8581  -51.2197   48.0676   -87.523  -180.000   1   0   0   0   
    3.0072    2.8579  -51.1974   48.0427  -430.106   -90.000   0   0   1   0
    3.0072    2.8506  -40.8784   36.2254   -65.197     0.000   0   0   1   0   
    3.0072    2.8583  -51.2196   48.0675   -87.584  -180.000   1   0   0   0   
    3.0075    2.8581  -51.1973   48.0426  -425.502   -90.000   0   0   1   0
    3.0075    2.8508  -40.8880   36.2367   -65.192     0.000   0   0   1   0   
    3.0075    2.8584  -51.2196   48.0675   -87.646  -180.000   1   0   0   0   
    3.0078    2.8582  -51.1973   48.0425  -420.927   -90.000   0   0   1   0
    3.0078    2.8510  -40.8976   36.2480   -65.187     0.000   0   0   1   0   
    3.0078    2.8586  -51.2195   48.0674   -87.709  -180.000   1   0   0   0   
    3.0080    2.8584  -51.1972   48.0424  -416.381   -90.000   0   0   1   0
    3.0080    2.8512  -40.9072   36.2594   -65.182     0.000   0   0   1   0   
    3.0080    2.8588  -51.2195   48.0673   -87.775  -180.000   1   0   0   0   
    3.0082    2.8586  -51.1971   48.0423  -411.865   -90.000   0   0   1   0
    3.0082    2.8514  -40.9168   36.2707   -65.177     0.000   0   0   1   0   
    3.0082    2.8589  -51.2194   48.0673   -87.841  -180.000   1   0   0   0   
    3.0085    2.8587  -51.1970   48.0422  -407.377   -90.000   0   0   1   0
    3.0085    2.8516  -40.9264   36.2821   -65.172     0.000   0   0   1   0   
    3.0085    2.8591  -51.2193   48.0672   -87.909  -180.000   1   0   0   0   
    3.0088    2.8589  -51.1969   48.0421  -402.919   -90.000   0   0   1   0
    3.0088    2.8518  -40.9360   36.2935   -65.167     0.000   0   0   1   0   
    3.0088    2.8592  -51.2193   48.0671   -87.978  -180.000   1   0   0   0   
    3.0090    2.8591  -51.1968   48.0420  -398.490   -90.000   0   0   1   0
    3.0090    2.8520  -40.9457   36.3049   -65.162     0.000   0   0   1   0   
    3.0090    2.8594  -51.2192   48.0671   -88.049  -180.000   1   0   0   0   
    3.0093    2.8592  -51.1967   48.0420  -394.090   -90.000   0   0   1   0
    3.0093    2.8522  -40.9553   36.3163   -65.157     0.000   0   0   1   0   
    3.0093    2.8596  -51.2191   48.0670   -88.121  -180.000   1   0   0   0   
    3.0095    2.8594  -51.1967   48.0419  -389.719   -90.000   0   0   1   0
    3.0095    2.8523  -40.9650   36.3277   -65.152     0.000   0   0   1   0   
    3.0095    2.8597  -51.2191   48.0669   -88.194  -180.000   1   0   0   0   
    3.0097    2.8596  -51.1966   48.0418  -385.377   -90.000   0   0   1   0
    3.0097    2.8525  -40.9747   36.3392   -65.147     0.000   0   0   1   0   
    3.0097    2.8599  -51.2190   48.0668   -88.267  -180.000   1   0   0   0   
    3.0100    2.8597  -51.1965   48.0417  -381.065   -90.000   0   0   1   0
    3.0100    2.8527  -40.9844   36.3506   -65.142     0.000   0   0   1   0   
    3.0100    2.8601  -51.2189   48.0668   -88.342  -180.000   1   0   0   0   
    3.0103    2.8599  -51.1964   48.0416  -376.782   -90.000   0   0   1   0
    3.0103    2.8529  -40.9942   36.3621   -65.137     0.000   0   0   1   0   
    3.0103    2.8602  -51.2189   48.0667   -88.418  -180.000   1   0   0   0   
    3.0105    2.8601  -51.1963   48.0415  -372.528   -90.000   0   0   1   0
    3.0105    2.8531  -41.0039   36.3736   -65.132     0.000   0   0   1   0   
    3.0105    2.8604  -51.2188   48.0666   -88.495  -180.000   1   0   0   0   
    3.0107    2.8602  -51.1962   48.0413  -368.304   -90.000   0   0   1   0
    3.0107    2.8533  -41.0137   36.3852   -65.126     0.000   0   0   1   0   
    3.0107    2.8605  -51.2188   48.0666   -88.572  -180.000   1   0   0   0   
    3.0110    2.8604  -51.1961   48.0412  -364.108   -90.000   0   0   1   0
    3.0110    2.8535  -41.0235   36.3967   -65.121     0.000   0   0   1   0   
    3.0110    2.8607  -51.2187   48.0665   -88.650  -180.000   1   0   0   0   
    3.0112    2.8606  -51.1960   48.0411  -359.942   -90.000   0   0   1   0
    3.0112    2.8537  -41.0333   36.4083   -65.116     0.000   0   0   1   0   
    3.0112    2.8609  -51.2186   48.0664   -88.728  -180.000   1   0   0   0   
    3.0115    2.8607  -51.1959   48.0410  -355.806   -90.000   0   0   1   0
    3.0115    2.8539  -41.0431   36.4199   -65.111     0.000   0   0   1   0   
    3.0115    2.8610  -51.2186   48.0663   -88.807  -180.000   1   0   0   0   
    3.0118    2.8609  -51.1958   48.0409  -351.698   -90.000   0   0   1   0
    3.0118    2.8541  -41.0529   36.4315   -65.105     0.000   0   0   1   0   
    3.0118    2.8612  -51.2185   48.0663   -88.886  -180.000   1   0   0   0   
    3.0120    2.8611  -51.1957   48.0408  -347.620   -90.000   0   0   1   0
    3.0120    2.8543  -41.0628   36.4431   -65.100     0.000   0   0   1   0   
    3.0120    2.8613  -51.2184   48.0662   -88.966  -180.000   1   0   0   0   
    3.0122    2.8612  -51.1956   48.0407  -343.572   -90.000   0   0   1   0
    3.0122    2.8545  -41.0727   36.4548   -65.095     0.000   0   0   1   0   
    3.0122    2.8615  -51.2184   48.0661   -89.046  -180.000   1   0   0   0   
    3.0125    2.8614  -51.1955   48.0406  -339.553   -90.000   0   0   1   0
    3.0125    2.8547  -41.0826   36.4664   -65.089     0.000   0   0   1   0   
    3.0125    2.8617  -51.2183   48.0661   -89.126  -180.000   1   0   0   0   
    3.0128    2.8616  -51.1954   48.0405  -335.563   -90.000   0   0   1   0
    3.0128    2.8549  -41.0925   36.4781   -65.084     0.000   0   0   1   0   
    3.0128    2.8618  -51.2182   48.0660   -89.206  -180.000   1   0   0   0   
    3.0130    2.8617  -51.1953   48.0404  -331.602   -90.000   0   0   1   0
    3.0130    2.8551  -41.1024   36.4898   -65.078     0.000   0   0   1   0   
    3.0130    2.8620  -51.2182   48.0659   -89.286  -180.000   1   0   0   0   
    3.0133    2.8619  -51.1952   48.0402  -327.671   -90.000   0   0   1   0
    3.0133    2.8553  -41.1123   36.5015   -65.073     0.000   0   0   1   0   
    3.0133    2.8621  -51.2181   48.0658   -89.365  -180.000   1   0   0   0   
    3.0135    2.8621  -51.1951   48.0401  -323.769   -90.000   0   0   1   0
    3.0135    2.8555  -41.1223   36.5133   -65.068     0.000   0   0   1   0   
    3.0135    2.8623  -51.2180   48.0658   -89.445  -180.000   1   0   0   0   
    3.0137    2.8622  -51.1950   48.0400  -319.897   -90.000   0   0   1   0
    3.0137    2.8556  -41.1323   36.5251   -65.062     0.000   0   0   1   0   
    3.0137    2.8625  -51.2180   48.0657   -89.524  -180.000   1   0   0   0   
    3.0140    2.8624  -51.1949   48.0399  -316.054   -90.000   0   0   1   0
    3.0140    2.8558  -41.1423   36.5368   -65.057     0.000   0   0   1   0   
    3.0140    2.8626  -51.2179   48.0656   -89.603  -180.000   1   0   0   0   
    3.0143    2.8626  -51.1948   48.0397  -312.241   -90.000   0   0   1   0
    3.0143    2.8560  -41.1523   36.5486   -65.051     0.000   0   0   1   0   
    3.0143    2.8628  -51.2178   48.0655   -89.682  -180.000   1   0   0   0   
    3.0145    2.8627  -51.1947   48.0396  -308.457   -90.000   0   0   1   0
    3.0145    2.8562  -41.1623   36.5605   -65.045     0.000   0   0   1   0   
    3.0145    2.8630  -51.2178   48.0655   -89.760  -180.000   1   0   0   0   
    3.0147    2.8629  -51.1945   48.0395  -304.702   -90.000   0   0   1   0
    3.0147    2.8564  -41.1723   36.5723   -65.040     0.000   0   0   1   0   
    3.0147    2.8631  -51.2177   48.0654   -89.838  -180.000   1   0   0   0   
    3.0150    2.8631  -51.1944   48.0394  -300.977   -90.000   0   0   1   0
    3.0150    2.8566  -41.1824   36.5842   -65.034     0.000   0   0   1   0   
    3.0150    2.8633  -51.2177   48.0653   -89.915  -180.000   1   0   0   0   
    3.0152    2.8632  -51.1943   48.0392  -297.282   -90.000   0   0   1   0
    3.0152    2.8568  -41.1925   36.5961   -65.029     0.000   0   0   1   0   
    3.0152    2.8634  -51.2176   48.0653   -89.991  -180.000   1   0   0   0   
    3.0155    2.8634  -51.1942   48.0391  -293.616   -90.000   0   0   1   0
    3.0155    2.8570  -41.2026   36.6080   -65.023     0.000   0   0   1   0   
    3.0155    2.8636  -51.2175   48.0652   -90.067  -180.000   1   0   0   0   
    3.0158    2.8636  -51.1941   48.0389  -289.979   -90.000   0   0   1   0
    3.0158    2.8572  -41.2127   36.6199   -65.017     0.000   0   0   1   0   
    3.0158    2.8638  -51.2175   48.0651   -90.142  -180.000   1   0   0   0   
    3.0160    2.8637  -51.1939   48.0388  -286.372   -90.000   0   0   1   0
    3.0160    2.8574  -41.2229   36.6319   -65.012     0.000   0   0   1   0   
    3.0160    2.8639  -51.2174   48.0650   -90.217  -180.000   1   0   0   0   
    3.0162    2.8639  -51.1938   48.0387  -282.795   -90.000   0   0   1   0
    3.0162    2.8576  -41.2330   36.6438   -65.006     0.000   0   0   1   0   
    3.0162    2.8641  -51.2173   48.0650   -90.291  -180.000   1   0   0   0   
    3.0165    2.8641  -51.1937   48.0385  -279.247   -90.000   0   0   1   0
    3.0165    2.8578  -41.2432   36.6558   -65.000     0.000   0   0   1   0   
    3.0165    2.8642  -51.2173   48.0649   -90.364  -180.000   1   0   0   0   
    3.0168    2.8642  -51.1936   48.0384  -275.729   -90.000   0   0   1   0
    3.0168    2.8580  -41.2534   36.6678   -64.994     0.000   0   0   1   0   
    3.0168    2.8644  -51.2172   48.0648   -90.436  -180.000   1   0   0   0   
    3.0170    2.8644  -51.1934   48.0382  -272.240   -90.000   0   0   1   0
    3.0170    2.8582  -41.2636   36.6799   -64.989     0.000   0   0   1   0   
    3.0170    2.8646  -51.2172   48.0648   -90.507  -180.000   1   0   0   0   
    3.0173    2.8645  -51.1933   48.0381  -268.781   -90.000   0   0   1   0
    3.0173    2.8584  -41.2738   36.6919   -64.983     0.000   0   0   1   0   
    3.0173    2.8647  -51.2171   48.0647   -90.577  -180.000   1   0   0   0   
    3.0175    2.8647  -51.1932   48.0379  -265.352   -90.000   0   0   1   0
    3.0175    2.8586  -41.2841   36.7040   -64.977     0.000   0   0   1   0   
    3.0175    2.8649  -51.2170   48.0646   -90.647  -180.000   1   0   0   0   
    3.0177    2.8649  -51.1930   48.0378  -261.952   -90.000   0   0   1   0
    3.0177    2.8587  -41.2944   36.7161   -64.971     0.000   0   0   1   0   
    3.0177    2.8650  -51.2170   48.0646   -90.716  -180.000   1   0   0   0   
    3.0180    2.8650  -51.1929   48.0376  -258.582   -90.000   0   0   1   0
    3.0180    2.8589  -41.3047   36.7282   -64.965     0.000   0   0   1   0   
    3.0180    2.8652  -51.2169   48.0645   -90.784  -180.000   1   0   0   0   
    3.0183    2.8652  -51.1927   48.0375  -255.241   -90.000   0   0   1   0
    3.0183    2.8591  -41.3150   36.7404   -64.959     0.000   0   0   1   0   
    3.0183    2.8654  -51.2169   48.0645   -90.851  -180.000   1   0   0   0   
    3.0185    2.8654  -51.1926   48.0373  -251.930   -90.000   0   0   1   0
    3.0185    2.8593  -41.3253   36.7525   -64.953     0.000   0   0   1   0   
    3.0185    2.8655  -51.2168   48.0644   -90.917  -180.000   1   0   0   0   
    3.0187    2.8655  -51.1924   48.0371  -248.649   -90.000   0   0   1   0
    3.0187    2.8595  -41.3357   36.7647   -64.947     0.000   0   0   1   0   
    3.0187    2.8657  -51.2168   48.0643   -90.983  -180.000   1   0   0   0   
    3.0190    2.8657  -51.1923   48.0370  -245.397   -90.000   0   0   1   0
    3.0190    2.8597  -41.3460   36.7769   -64.941     0.000   0   0   1   0   
    3.0190    2.8659  -51.2167   48.0643   -91.047  -180.000   1   0   0   0   
    3.0192    2.8659  -51.1921   48.0368  -242.175   -90.000   0   0   1   0
    3.0192    2.8599  -41.3564   36.7892   -64.935     0.000   0   0   1   0   
    3.0192    2.8660  -51.2167   48.0642   -91.111  -180.000   1   0   0   0   
    3.0195    2.8660  -51.1920   48.0366  -238.983   -90.000   0   0   1   0
    3.0195    2.8601  -41.3668   36.8014   -64.929     0.000   0   0   1   0   
    3.0195    2.8662  -51.2166   48.0642   -91.174  -180.000   1   0   0   0   
    3.0198    2.8662  -51.1918   48.0364  -235.821   -90.000   0   0   1   0
    3.0198    2.8603  -41.3773   36.8137   -64.923     0.000   0   0   1   0   
    3.0198    2.8663  -51.2166   48.0641   -91.236  -180.000   1   0   0   0   
    3.0200    2.8664  -51.1917   48.0363  -232.688   -90.000   0   0   1   0
    3.0200    2.8605  -41.3877   36.8260   -64.917     0.000   0   0   1   0   
    3.0200    2.8665  -51.2165   48.0640   -91.298  -180.000   1   0   0   0   
    3.0202    2.8665  -51.1915   48.0361  -229.585   -90.000   0   0   1   0
    3.0202    2.8607  -41.3982   36.8384   -64.910     0.000   0   0   1   0   
    3.0202    2.8667  -51.2165   48.0640   -91.358  -180.000   1   0   0   0   
    3.0205    2.8667  -51.1913   48.0359  -226.511   -90.000   0   0   1   0
    3.0205    2.8609  -41.4087   36.8507   -64.904     0.000   0   0   1   0   
    3.0205    2.8668  -51.2164   48.0639   -91.418  -180.000   1   0   0   0   
    3.0208    2.8669  -51.1911   48.0357  -223.468   -90.000   0   0   1   0
    3.0208    2.8611  -41.4192   36.8631   -64.898     0.000   0   0   1   0   
    3.0208    2.8670  -51.2164   48.0639   -91.477  -180.000   1   0   0   0   
    3.0210    2.8670  -51.1910   48.0355  -220.454   -90.000   0   0   1   0
    3.0210    2.8613  -41.4297   36.8755   -64.892     0.000   0   0   1   0   
    3.0210    2.8671  -51.2163   48.0638   -91.536  -180.000   1   0   0   0   
    3.0213    2.8672  -51.1908   48.0353  -217.470   -90.000   0   0   1   0
    3.0213    2.8615  -41.4403   36.8879   -64.886     0.000   0   0   1   0   
    3.0213    2.8673  -51.2163   48.0638   -91.594  -180.000   1   0   0   0   
    3.0215    2.8674  -51.1906   48.0351  -214.515   -90.000   0   0   1   0
    3.0215    2.8616  -41.4509   36.9003   -64.879     0.000   0   0   1   0   
    3.0215    2.8675  -51.2162   48.0637   -91.651  -180.000   1   0   0   0   
    3.0217    2.8675  -51.1904   48.0349  -211.591   -90.000   0   0   1   0
    3.0217    2.8618  -41.4615   36.9128   -64.873     0.000   0   0   1   0   
    3.0217    2.8676  -51.2162   48.0637   -91.707  -180.000   1   0   0   0   
    3.0220    2.8677  -51.1902   48.0347  -208.696   -90.000   0   0   1   0
    3.0220    2.8620  -41.4721   36.9253   -64.866     0.000   0   0   1   0   
    3.0220    2.8678  -51.2161   48.0636   -91.763  -180.000   1   0   0   0   
    3.0223    2.8678  -51.1901   48.0345  -205.831   -90.000   0   0   1   0
    3.0223    2.8622  -41.4827   36.9378   -64.860     0.000   0   0   1   0   
    3.0223    2.8679  -51.2161   48.0636   -91.818  -180.000   1   0   0   0   
    3.0225    2.8680  -51.1899   48.0342  -202.995   -90.000   0   0   1   0
    3.0225    2.8624  -41.4934   36.9504   -64.854     0.000   0   0   1   0   
    3.0225    2.8681  -51.2160   48.0635   -91.873  -180.000   1   0   0   0   
    3.0227    2.8682  -51.1897   48.0340  -200.190   -90.000   0   0   1   0
    3.0227    2.8626  -41.5041   36.9629   -64.847     0.000   0   0   1   0   
    3.0227    2.8683  -51.2160   48.0635   -91.927  -180.000   1   0   0   0   
    3.0230    2.8683  -51.1895   48.0338  -197.414   -90.000   0   0   1   0
    3.0230    2.8628  -41.5148   36.9755   -64.841     0.000   0   0   1   0   
    3.0230    2.8684  -51.2160   48.0634   -91.980  -180.000   1   0   0   0   
    3.0232    2.8685  -51.1892   48.0336  -194.669   -90.000   0   0   1   0
    3.0232    2.8630  -41.5255   36.9881   -64.834     0.000   0   0   1   0   
    3.0232    2.8686  -51.2159   48.0634   -92.032  -180.000   1   0   0   0   
    3.0235    2.8687  -51.1890   48.0333  -191.953   -90.000   0   0   1   0
    3.0235    2.8632  -41.5363   37.0008   -64.827     0.000   0   0   1   0   
    3.0235    2.8687  -51.2159   48.0633   -92.084  -180.000   1   0   0   0   
    3.0238    2.8688  -51.1888   48.0331  -189.266   -90.000   0   0   1   0
    3.0238    2.8634  -41.5471   37.0135   -64.821     0.000   0   0   1   0   
    3.0238    2.8689  -51.2158   48.0633   -92.136  -180.000   1   0   0   0   
    3.0240    2.8690  -51.1886   48.0328  -186.610   -90.000   0   0   1   0
    3.0240    2.8636  -41.5579   37.0261   -64.814     0.000   0   0   1   0   
    3.0240    2.8691  -51.2158   48.0632   -92.187  -180.000   1   0   0   0   
    3.0242    2.8692  -51.1884   48.0326  -183.984   -90.000   0   0   1   0
    3.0242    2.8638  -41.5687   37.0389   -64.808     0.000   0   0   1   0   
    3.0242    2.8692  -51.2157   48.0632   -92.237  -180.000   1   0   0   0   
    3.0245    2.8693  -51.1881   48.0323  -181.387   -90.000   0   0   1   0
    3.0245    2.8640  -41.5795   37.0516   -64.801     0.000   0   0   1   0   
    3.0245    2.8694  -51.2157   48.0631   -92.286  -180.000   1   0   0   0   
    3.0248    2.8695  -51.1879   48.0321  -178.820   -90.000   0   0   1   0
    3.0248    2.8642  -41.5904   37.0644   -64.794     0.000   0   0   1   0   
    3.0248    2.8696  -51.2157   48.0631   -92.335  -180.000   1   0   0   0   
    3.0250    2.8697  -51.1877   48.0318  -176.283   -90.000   0   0   1   0
    3.0250    2.8643  -41.6013   37.0772   -64.787     0.000   0   0   1   0   
    3.0250    2.8697  -51.2156   48.0630   -92.383  -180.000   1   0   0   0   
    3.0253    2.8698  -51.1874   48.0315  -173.776   -90.000   0   0   1   0
    3.0253    2.8645  -41.6122   37.0900   -64.781     0.000   0   0   1   0   
    3.0253    2.8699  -51.2156   48.0630   -92.430  -180.000   1   0   0   0   
    3.0255    2.8700  -51.1872   48.0312  -171.299   -90.000   0   0   1   0
    3.0255    2.8647  -41.6231   37.1028   -64.774     0.000   0   0   1   0   
    3.0255    2.8700  -51.2155   48.0629   -92.477  -180.000   1   0   0   0   
    3.0257    2.8701  -51.1869   48.0310  -168.852   -90.000   0   0   1   0
    3.0257    2.8649  -41.6341   37.1157   -64.767     0.000   0   0   1   0   
    3.0257    2.8702  -51.2155   48.0629   -92.523  -180.000   1   0   0   0   
    3.0260    2.8703  -51.1866   48.0307  -166.434   -90.000   0   0   1   0
    3.0260    2.8651  -41.6451   37.1286   -64.760     0.000   0   0   1   0   
    3.0260    2.8704  -51.2154   48.0629   -92.568  -180.000   1   0   0   0   
    3.0263    2.8705  -51.1864   48.0304  -164.047   -90.000   0   0   1   0
    3.0263    2.8653  -41.6561   37.1416   -64.753     0.000   0   0   1   0   
    3.0263    2.8705  -51.2154   48.0628   -92.613  -180.000   1   0   0   0   
    3.0265    2.8706  -51.1861   48.0301  -161.689   -90.000   0   0   1   0
    3.0265    2.8655  -41.6671   37.1545   -64.746     0.000   0   0   1   0   
    3.0265    2.8707  -51.2154   48.0628   -92.656  -180.000   1   0   0   0   
    3.0267    2.8708  -51.1858   48.0297  -159.361   -90.000   0   0   1   0
    3.0267    2.8657  -41.6782   37.1675   -64.739     0.000   0   0   1   0   
    3.0267    2.8708  -51.2153   48.0627   -92.699  -180.000   1   0   0   0   
    3.0270    2.8710  -51.1855   48.0294  -157.063   -90.000   0   0   1   0
    3.0270    2.8659  -41.6892   37.1805   -64.732     0.000   0   0   1   0   
    3.0270    2.8710  -51.2153   48.0627   -92.741  -180.000   1   0   0   0   
    3.0272    2.8711  -51.1852   48.0291  -154.795   -90.000   0   0   1   0
    3.0272    2.8661  -41.7004   37.1935   -64.725     0.000   0   0   1   0   
    3.0272    2.8712  -51.2152   48.0626   -92.782  -180.000   1   0   0   0   
    3.0275    2.8713  -51.1849   48.0287  -152.557   -90.000   0   0   1   0
    3.0275    2.8663  -41.7115   37.2066   -64.718     0.000   0   0   1   0   
    3.0275    2.8713  -51.2152   48.0626   -92.822  -180.000   1   0   0   0   
    3.0278    2.8715  -51.1846   48.0284  -150.348   -90.000   0   0   1   0
    3.0278    2.8665  -41.7226   37.2197   -64.711     0.000   0   0   1   0   
    3.0278    2.8715  -51.2152   48.0625   -92.862  -180.000   1   0   0   0   
    3.0280    2.8716  -51.1843   48.0280  -148.170   -90.000   0   0   1   0
    3.0280    2.8667  -41.7338   37.2328   -64.703     0.000   0   0   1   0   
    3.0280    2.8716  -51.2151   48.0625   -92.900  -180.000   1   0   0   0   
    3.0282    2.8718  -51.1840   48.0277  -146.021   -90.000   0   0   1   0
    3.0282    2.8668  -41.7450   37.2460   -64.696     0.000   0   0   1   0   
    3.0282    2.8718  -51.2151   48.0624   -92.937  -180.000   1   0   0   0   
    3.0285    2.8719  -51.1836   48.0273  -143.902   -90.000   0   0   1   0
    3.0285    2.8670  -41.7562   37.2592   -64.689     0.000   0   0   1   0   
    3.0285    2.8720  -51.2150   48.0624   -92.974  -180.000   1   0   0   0   
    3.0288    2.8721  -51.1833   48.0269  -141.813   -90.000   0   0   1   0
    3.0288    2.8672  -41.7675   37.2724   -64.681     0.000   0   0   1   0   
    3.0288    2.8721  -51.2150   48.0623   -93.009  -180.000   1   0   0   0   
    3.0290    2.8723  -51.1829   48.0265  -139.754   -90.000   0   0   1   0
    3.0290    2.8674  -41.7788   37.2856   -64.674     0.000   0   0   1   0   
    3.0290    2.8723  -51.2149   48.0623   -93.044  -180.000   1   0   0   0   
    3.0293    2.8724  -51.1826   48.0261  -137.725   -90.000   0   0   1   0
    3.0293    2.8676  -41.7901   37.2989   -64.667     0.000   0   0   1   0   
    3.0293    2.8724  -51.2149   48.0622   -93.077  -180.000   1   0   0   0   
    3.0295    2.8726  -51.1822   48.0257  -135.726   -90.000   0   0   1   0
    3.0295    2.8678  -41.8014   37.3122   -64.659     0.000   0   0   1   0   
    3.0295    2.8726  -51.2149   48.0622   -93.109  -180.000   1   0   0   0   
    3.0297    2.8728  -51.1818   48.0252  -133.756   -90.000   0   0   1   0
    3.0297    2.8680  -41.8128   37.3255   -64.652     0.000   0   0   1   0   
    3.0297    2.8728  -51.2148   48.0621   -93.140  -180.000   1   0   0   0   
    3.0300    2.8729  -51.1814   48.0248  -131.817   -90.000   0   0   1   0
    3.0300    2.8682  -41.8242   37.3389   -64.644     0.000   0   0   1   0   
    3.0300    2.8729  -51.2148   48.0621   -93.170  -180.000   1   0   0   0   
    3.0303    2.8731  -51.1810   48.0243  -129.907   -90.000   0   0   1   0
    3.0303    2.8684  -41.8356   37.3522   -64.637     0.000   0   0   1   0   
    3.0303    2.8731  -51.2147   48.0621   -93.199  -180.000   1   0   0   0   
    3.0305    2.8733  -51.1806   48.0239  -128.027   -90.000   0   0   1   0
    3.0305    2.8686  -41.8470   37.3657   -64.629     0.000   0   0   1   0   
    3.0305    2.8733  -51.2147   48.0620   -93.226  -180.000   1   0   0   0   
    3.0307    2.8734  -51.1801   48.0234  -126.177   -90.000   0   0   1   0
    3.0307    2.8688  -41.8585   37.3791   -64.621     0.000   0   0   1   0   
    3.0307    2.8734  -51.2147   48.0620   -93.253  -180.000   1   0   0   0   
    3.0310    2.8736  -51.1797   48.0229  -124.356   -90.000   0   0   1   0
    3.0310    2.8690  -41.8700   37.3926   -64.614     0.000   0   0   1   0   
    3.0310    2.8736  -51.2146   48.0619   -93.278  -180.000   1   0   0   0   
    3.0313    2.8737  -51.1792   48.0224  -122.565   -90.000   0   0   1   0
    3.0313    2.8691  -41.8815   37.4061   -64.606     0.000   0   0   1   0   
    3.0313    2.8737  -51.2146   48.0619   -93.302  -180.000   1   0   0   0   
    3.0315    2.8739  -51.1788   48.0218  -120.804   -90.000   0   0   1   0
    3.0315    2.8693  -41.8930   37.4196   -64.598     0.000   0   0   1   0   
    3.0315    2.8739  -51.2145   48.0618   -93.325  -180.000   1   0   0   0   
    3.0318    2.8741  -51.1783   48.0213  -119.073   -90.000   0   0   1   0
    3.0318    2.8695  -41.9046   37.4332   -64.590     0.000   0   0   1   0   
    3.0318    2.8741  -51.2145   48.0618   -93.347  -180.000   1   0   0   0   
    3.0320    2.8742  -51.1778   48.0207  -117.372   -90.000   0   0   1   0
    3.0320    2.8697  -41.9162   37.4468   -64.583     0.000   0   0   1   0   
    3.0320    2.8742  -51.2145   48.0617   -93.368  -180.000   1   0   0   0   
    3.0322    2.8744  -51.1772   48.0202  -115.700   -90.000   0   0   1   0
    3.0322    2.8699  -41.9278   37.4604   -64.575     0.000   0   0   1   0   
    3.0322    2.8744  -51.2144   48.0617   -93.388  -180.000   1   0   0   0   
    3.0325    2.8746  -51.1767   48.0196  -114.058   -90.000   0   0   1   0
    3.0325    2.8701  -41.9395   37.4741   -64.567     0.000   0   0   1   0   
    3.0325    2.8746  -51.2144   48.0617   -93.406  -180.000   1   0   0   0   
    3.0328    2.8747  -51.1762   48.0189  -112.445   -90.000   0   0   1   0
    3.0328    2.8703  -41.9512   37.4878   -64.559     0.000   0   0   1   0   
    3.0328    2.8747  -51.2143   48.0616   -93.423  -180.000   1   0   0   0   
    3.0330    2.8749  -51.1756   48.0183  -110.863   -90.000   0   0   1   0
    3.0330    2.8705  -41.9629   37.5015   -64.551     0.000   0   0   1   0   
    3.0330    2.8749  -51.2143   48.0616   -93.439  -180.000   1   0   0   0   
    3.0332    2.8750  -51.1750   48.0176  -109.309   -90.000   0   0   1   0
    3.0332    2.8707  -41.9746   37.5153   -64.543     0.000   0   0   1   0   
    3.0332    2.8750  -51.2143   48.0615   -93.454  -180.000   1   0   0   0   
    3.0335    2.8752  -51.1744   48.0169  -107.786   -90.000   0   0   1   0
    3.0335    2.8709  -41.9864   37.5291   -64.534     0.000   0   0   1   0   
    3.0335    2.8752  -51.2142   48.0615   -93.468  -180.000   1   0   0   0   
    3.0337    2.8754  -51.1737   48.0162  -106.292   -90.000   0   0   1   0
    3.0337    2.8711  -41.9982   37.5429   -64.526     0.000   0   0   1   0   
    3.0337    2.8754  -51.2142   48.0615   -93.481  -180.000   1   0   0   0   
    3.0340    2.8755  -51.1731   48.0155  -104.827   -90.000   0   0   1   0
    3.0340    2.8713  -42.0101   37.5568   -64.518     0.000   0   0   1   0   
    3.0340    2.8755  -51.2142   48.0614   -93.493  -180.000   1   0   0   0   
    3.0343    2.8757  -51.1724   48.0147  -103.392   -90.000   0   0   1   0
    3.0343    2.8714  -42.0219   37.5707   -64.510     0.000   0   0   1   0   
    3.0343    2.8757  -51.2141   48.0614   -93.504  -180.000   1   0   0   0   
    3.0345    2.8759  -51.1717   48.0139  -101.986   -90.000   0   0   1   0
    3.0345    2.8716  -42.0338   37.5846   -64.501     0.000   0   0   1   0   
    3.0345    2.8759  -51.2141   48.0613   -93.514  -180.000   1   0   0   0   
    3.0347    2.8760  -51.1710   48.0131  -100.610   -90.000   0   0   1   0
    3.0347    2.8718  -42.0457   37.5986   -64.493     0.000   0   0   1   0   
    3.0347    2.8760  -51.2141   48.0613   -93.523  -180.000   1   0   0   0   
    3.0350    2.8762  -51.1702   48.0123   -99.263   -90.000   0   0   1   0
    3.0350    2.8720  -42.0577   37.6126   -64.485     0.000   0   0   1   0   
    3.0350    2.8762  -51.2140   48.0613   -93.532  -180.000   1   0   0   0   
    3.0353    2.8763  -51.1694   48.0114   -97.946   -90.000   0   0   1   0
    3.0353    2.8722  -42.0697   37.6266   -64.476     0.000   0   0   1   0   
    3.0353    2.8763  -51.2140   48.0612   -93.539  -180.000   1   0   0   0   
    3.0355    2.8765  -51.1686   48.0105   -96.657   -90.000   0   0   1   0
    3.0355    2.8724  -42.0817   37.6407   -64.468     0.000   0   0   1   0   
    3.0355    2.8765  -51.2140   48.0612   -93.545  -180.000   1   0   0   0   
    3.0358    2.8767  -51.1677   48.0095   -95.398   -90.000   0   0   1   0
    3.0358    2.8726  -42.0937   37.6548   -64.459     0.000   0   0   1   0   
    3.0358    2.8767  -51.2139   48.0612   -93.551  -180.000   1   0   0   0   
    3.0360    2.8768  -51.1669   48.0085   -94.168   -90.000   0   0   1   0
    3.0360    2.8728  -42.1058   37.6690   -64.450     0.000   0   0   1   0   
    3.0360    2.8768  -51.2139   48.0612   -93.556  -180.000   1   0   0   0   
    3.0362    2.8770  -51.1659   48.0075   -92.967   -90.000   0   0   1   0
    3.0362    2.8730  -42.1179   37.6831   -64.442     0.000   0   0   1   0   
    3.0362    2.8770  -51.2139   48.0611   -93.560  -180.000   1   0   0   0   
    3.0365    2.8772  -51.1650   48.0064   -91.795   -90.000   0   0   1   0
    3.0365    2.8732  -42.1301   37.6974   -64.433     0.000   0   0   1   0   
    3.0365    2.8772  -51.2139   48.0611   -93.564  -180.000   1   0   0   0   
    3.0368    2.8773  -51.1640   48.0053   -90.652   -90.000   0   0   1   0
    3.0368    2.8734  -42.1423   37.7116   -64.424     0.000   0   0   1   0   
    3.0368    2.8773  -51.2138   48.0611   -93.567  -180.000   1   0   0   0   
    3.0370    2.8775  -51.1629   48.0042   -89.538   -90.000   0   0   1   0
    3.0370    2.8735  -42.1545   37.7259   -64.415     0.000   0   0   1   0   
    3.0370    2.8775  -51.2138   48.0610   -93.570  -180.000   1   0   0   0   
    3.0372    2.8776  -51.1618   48.0029   -88.452   -90.000   0   0   1   0
    3.0372    2.8737  -42.1667   37.7402   -64.406     0.000   0   0   1   0   
    3.0372    2.8776  -51.2138   48.0610   -93.572  -180.000   1   0   0   0   
    3.0375    2.8778  -51.1607   48.0017   -87.396   -90.000   0   0   1   0
    3.0375    2.8739  -42.1790   37.7546   -64.397     0.000   0   0   1   0   
    3.0375    2.8778  -51.2138   48.0610   -93.574  -180.000   1   0   0   0   
    3.0377    2.8780  -51.1595   48.0003   -86.368   -90.000   0   0   1   0
    3.0377    2.8741  -42.1913   37.7690   -64.388     0.000   0   0   1   0   
    3.0377    2.8780  -51.2138   48.0610   -93.575  -180.000   1   0   0   0   
    3.0380    2.8781  -51.1583   47.9989   -85.368   -90.000   0   0   1   0
    3.0380    2.8743  -42.2036   37.7834   -64.379     0.000   0   0   1   0   
    3.0380    2.8781  -51.2137   48.0609   -93.576  -180.000   1   0   0   0   
    3.0383    2.8783  -51.1570   47.9975   -84.397   -90.000   0   0   1   0
    3.0383    2.8745  -42.2160   37.7979   -64.370     0.000   0   0   1   0   
    3.0383    2.8783  -51.2137   48.0609   -93.577  -180.000   1   0   0   0   
    3.0385    2.8785  -51.1556   47.9960   -83.454   -90.000   0   0   1   0
    3.0385    2.8747  -42.2284   37.8124   -64.361     0.000   0   0   1   0   
    3.0385    2.8785  -51.2137   48.0609   -93.577  -180.000   1   0   0   0   
    3.0387    2.8786  -51.1542   47.9944   -82.539   -90.000   0   0   1   0
    3.0387    2.8749  -42.2408   37.8270   -64.352     0.000   0   0   1   0   
    3.0387    2.8786  -51.2137   48.0609   -93.577  -180.000   1   0   0   0   
    3.0390    2.8788  -51.1527   47.9927   -81.652   -90.000   0   0   1   0
    3.0390    2.8751  -42.2533   37.8416   -64.342     0.000   0   0   1   0   
    3.0390    2.8788  -51.2137   48.0609   -93.577  -180.000   1   0   0   0   
    3.0393    2.8789  -51.1511   47.9910   -80.793   -90.000   0   0   1   0
    3.0393    2.8753  -42.2658   37.8562   -64.333     0.000   0   0   1   0   
    3.0393    2.8789  -51.2136   48.0608   -93.577  -180.000   1   0   0   0   
    3.0395    2.8791  -51.1495   47.9891   -79.961   -90.000   0   0   1   0
    3.0395    2.8755  -42.2784   37.8709   -64.324     0.000   0   0   1   0   
    3.0395    2.8791  -51.2136   48.0608   -93.577  -180.000   1   0   0   0   
    3.0398    2.8793  -51.1477   47.9872   -79.158   -90.000   0   0   1   0
    3.0398    2.8756  -42.2910   37.8856   -64.314     0.000   0   0   1   0   
    3.0398    2.8793  -51.2136   48.0608   -93.577  -180.000   1   0   0   0   
    3.0400    2.8794  -51.1459   47.9852   -78.381   -90.000   0   0   1   0
    3.0400    2.8758  -42.3036   37.9003   -64.305     0.000   0   0   1   0   
    3.0400    2.8794  -51.2136   48.0608   -93.577  -180.000   1   0   0   0   
    3.0402    2.8796  -51.1440   47.9830   -77.632   -90.000   0   0   1   0
    3.0402    2.8760  -42.3162   37.9151   -64.295     0.000   0   0   1   0   
    3.0402    2.8796  -51.2136   48.0608   -93.577  -180.000   1   0   0   0   
    3.0405    2.8798  -51.1420   47.9808   -76.910   -90.000   0   0   1   0
    3.0405    2.8762  -42.3289   37.9300   -64.285     0.000   0   0   1   0   
    3.0405    2.8798  -51.2136   48.0608   -93.577  -180.000   1   0   0   0   
    3.0408    2.8799  -51.1399   47.9784   -76.214   -90.000   0   0   1   0
    3.0408    2.8764  -42.3417   37.9449   -64.276     0.000   0   0   1   0   
    3.0408    2.8799  -51.2136   48.0607   -93.577  -180.000   1   0   0   0   
    3.0410    2.8801  -51.1376   47.9759   -75.545   -90.000   0   0   1   0
    3.0410    2.8766  -42.3544   37.9598   -64.266     0.000   0   0   1   0   
    3.0410    2.8801  -51.2135   48.0607   -93.577  -180.000   1   0   0   0   
    3.0412    2.8802  -51.1353   47.9732   -74.902   -90.000   0   0   1   0
    3.0412    2.8768  -42.3672   37.9747   -64.256     0.000   0   0   1   0   
    3.0412    2.8802  -51.2135   48.0607   -93.578  -180.000   1   0   0   0   
    3.0415    2.8804  -51.1328   47.9705   -74.285   -90.000   0   0   1   0
    3.0415    2.8770  -42.3801   37.9898   -64.246     0.000   0   0   1   0   
    3.0415    2.8804  -51.2135   48.0607   -93.579  -180.000   1   0   0   0   
    3.0417    2.8806  -51.1302   47.9675   -73.694   -90.000   0   0   1   0
    3.0417    2.8772  -42.3930   38.0048   -64.236     0.000   0   0   1   0   
    3.0417    2.8806  -51.2135   48.0607   -93.580  -180.000   1   0   0   0   
    3.0420    2.8807  -51.1274   47.9644   -73.128   -90.000   0   0   1   0
    3.0420    2.8774  -42.4059   38.0199   -64.226     0.000   0   0   1   0   
    3.0420    2.8807  -51.2135   48.0607   -93.582  -180.000   1   0   0   0   
    3.0423    2.8809  -51.1244   47.9611   -72.588   -90.000   0   0   1   0
    3.0423    2.8775  -42.4188   38.0350   -64.216     0.000   0   0   1   0   
    3.0423    2.8809  -51.2135   48.0607   -93.584  -180.000   1   0   0   0   
    3.0425    2.8811  -51.1213   47.9577   -72.072   -90.000   0   0   1   0
    3.0425    2.8777  -42.4318   38.0502   -64.206     0.000   0   0   1   0   
    3.0425    2.8811  -51.2135   48.0607   -93.587  -180.000   1   0   0   0   
    3.0427    2.8812  -51.1181   47.9540   -71.580   -90.000   0   0   1   0
    3.0427    2.8779  -42.4449   38.0654   -64.195     0.000   0   0   1   0   
    3.0427    2.8812  -51.2135   48.0606   -93.590  -180.000   1   0   0   0   
    3.0430    2.8814  -51.1146   47.9501   -71.113   -90.000   0   0   1   0
    3.0430    2.8781  -42.4580   38.0807   -64.185     0.000   0   0   1   0   
    3.0430    2.8814  -51.2135   48.0606   -93.593  -180.000   1   0   0   0   
    3.0433    2.8815  -51.1109   47.9460   -70.669   -90.000   0   0   1   0
    3.0433    2.8783  -42.4711   38.0960   -64.175     0.000   0   0   1   0   
    3.0433    2.8815  -51.2135   48.0606   -93.597  -180.000   1   0   0   0   
    3.0435    2.8817  -51.1070   47.9417   -70.248   -90.000   0   0   1   0
    3.0435    2.8785  -42.4842   38.1114   -64.164     0.000   0   0   1   0   
    3.0435    2.8817  -51.2134   48.0606   -93.602  -180.000   1   0   0   0   
    3.0438    2.8819  -51.1029   47.9371   -69.850   -90.000   0   0   1   0
    3.0438    2.8787  -42.4974   38.1268   -64.154     0.000   0   0   1   0   
    3.0438    2.8819  -51.2134   48.0606   -93.607  -180.000   1   0   0   0   
    3.0440    2.8820  -51.0986   47.9322   -69.473   -90.000   0   0   1   0
    3.0440    2.8789  -42.5107   38.1423   -64.143     0.000   0   0   1   0   
    3.0440    2.8820  -51.2134   48.0606   -93.613  -180.000   1   0   0   0   
    3.0442    2.8822  -51.0940   47.9271   -69.119   -90.000   0   0   1   0
    3.0442    2.8791  -42.5240   38.1578   -64.132     0.000   0   0   1   0   
    3.0442    2.8822  -51.2134   48.0606   -93.619  -180.000   1   0   0   0   
    3.0445    2.8823  -51.0891   47.9216   -68.785   -90.000   0   0   1   0
    3.0445    2.8793  -42.5373   38.1733   -64.121     0.000   0   0   1   0   
    3.0445    2.8823  -51.2134   48.0606   -93.626  -180.000   1   0   0   0   
    3.0448    2.8825  -51.0839   47.9159   -68.472   -90.000   0   0   1   0
    3.0448    2.8794  -42.5506   38.1889   -64.111     0.000   0   0   1   0   
    3.0448    2.8825  -51.2134   48.0606   -93.634  -180.000   1   0   0   0   
    3.0450    2.8827  -51.0785   47.9098   -68.179   -90.000   0   0   1   0   
    3.0450    2.8796  -42.5641   38.2046   -64.100     0.000   0   0   1   0   
    3.0450    2.8827  -51.2134   48.0606   -93.642  -180.000   1   0   0   0   
    3.0452    2.8828  -51.0728   47.9034   -67.905   -90.000   0   0   1   0   
    3.0452    2.8798  -42.5775   38.2203   -64.089     0.000   0   0   1   0   
    3.0452    2.8828  -51.2134   48.0606   -93.652  -180.000   1   0   0   0   
    3.0455    2.8830  -51.0667   47.8966   -67.650   -90.000   0   0   1   0   
    3.0455    2.8800  -42.5910   38.2361   -64.077     0.000   0   0   1   0   
    3.0455    2.8830  -51.2134   48.0606   -93.662  -180.000   1   0   0   0   
    3.0457    2.8832  -51.0603   47.8895   -67.413   -90.000   0   0   1   0   
    3.0457    2.8802  -42.6046   38.2519   -64.066     0.000   0   0   1   0   
    3.0457    2.8832  -51.2134   48.0606   -93.673  -180.000   1   0   0   0   
    3.0460    2.8833  -51.0536   47.8819   -67.192   -90.000   0   0   1   0   
    3.0460    2.8804  -42.6181   38.2677   -64.055     0.000   0   0   1   0   
    3.0460    2.8833  -51.2134   48.0606   -93.684  -180.000   1   0   0   0   
    3.0463    2.8835  -51.0465   47.8740   -66.988   -90.000   0   0   1   0   
    3.0463    2.8806  -42.6318   38.2836   -64.044     0.000   0   0   1   0   
    3.0463    2.8835  -51.2134   48.0606   -93.697  -180.000   1   0   0   0   
    3.0465    2.8836  -51.0390   47.8657   -66.800   -90.000   0   0   1   0   
    3.0465    2.8808  -42.6455   38.2996   -64.032     0.000   0   0   1   0   
    3.0465    2.8836  -51.2134   48.0606   -93.710  -180.000   1   0   0   0   
    3.0467    2.8838  -51.0312   47.8569   -66.626   -90.000   0   0   1   0   
    3.0467    2.8810  -42.6592   38.3156   -64.021     0.000   0   0   1   0   
    3.0467    2.8838  -51.2134   48.0605   -93.724  -180.000   1   0   0   0   
    3.0470    2.8840  -51.0230   47.8478   -66.467   -90.000   0   0   1   0   
    3.0470    2.8812  -42.6730   38.3317   -64.009     0.000   0   0   1   0   
    3.0470    2.8840  -51.2134   48.0605   -93.739  -180.000   1   0   0   0   
    3.0473    2.8841  -51.0144   47.8382   -66.321   -90.000   0   0   1   0   
    3.0473    2.8813  -42.6868   38.3478   -63.997     0.000   0   0   1   0   
    3.0473    2.8841  -51.2134   48.0605   -93.755  -180.000   1   0   0   0   
    3.0475    2.8843  -51.0055   47.8282   -66.187   -90.000   0   0   1   0   
    3.0475    2.8815  -42.7006   38.3639   -63.986     0.000   0   0   1   0   
    3.0475    2.8843  -51.2134   48.0605   -93.772  -180.000   1   0   0   0   
    3.0478    2.8844  -50.9961   47.8177   -66.065   -90.000   0   0   1   0   
    3.0478    2.8817  -42.7146   38.3802   -63.974     0.000   0   0   1   0   
    3.0478    2.8844  -51.2134   48.0605   -93.790  -180.000   1   0   0   0   
    3.0480    2.8846  -50.9864   47.8068   -65.953   -90.000   0   0   1   0   
    3.0480    2.8819  -42.7285   38.3965   -63.962     0.000   0   0   1   0   
    3.0480    2.8846  -51.2134   48.0605   -93.808  -180.000   1   0   0   0   
    3.0482    2.8848  -50.9763   47.7955   -65.852   -90.000   0   0   1   0   
    3.0482    2.8821  -42.7425   38.4128   -63.950     0.000   0   0   1   0   
    3.0482    2.8848  -51.2134   48.0605   -93.828  -180.000   1   0   0   0   
    3.0485    2.8849  -50.9658   47.7838   -65.760   -90.000   0   0   1   0   
    3.0485    2.8823  -42.7566   38.4292   -63.937     0.000   0   0   1   0   
    3.0485    2.8849  -51.2134   48.0605   -93.848  -180.000   1   0   0   0   
    3.0488    2.8851  -50.9549   47.7716   -65.677   -90.000   0   0   1   0   
    3.0488    2.8825  -42.7707   38.4456   -63.925     0.000   0   0   1   0   
    3.0488    2.8851  -51.2134   48.0605   -93.870  -180.000   1   0   0   0   
    3.0490    2.8853  -50.9437   47.7591   -65.601   -90.000   0   0   1   0   
    3.0490    2.8827  -42.7849   38.4622   -63.913     0.000   0   0   1   0   
    3.0490    2.8852  -51.2134   48.0605   -93.892  -180.000   1   0   0   0   
    3.0492    2.8854  -50.9321   47.7462   -65.532   -90.000   0   0   1   0   
    3.0492    2.8829  -42.7991   38.4787   -63.900     0.000   0   0   1   0   
    3.0492    2.8854  -51.2134   48.0605   -93.916  -180.000   1   0   0   0   
    3.0495    2.8856  -50.9202   47.7328   -65.470   -90.000   0   0   1   0   
    3.0495    2.8830  -42.8134   38.4953   -63.888     0.000   0   0   1   0   
    3.0495    2.8856  -51.2134   48.0605   -93.940  -180.000   1   0   0   0   
    3.0497    2.8857  -50.9080   47.7192   -65.413   -90.000   0   0   1   0   
    3.0497    2.8832  -42.8277   38.5120   -63.875     0.000   0   0   1   0   
    3.0497    2.8857  -51.2134   48.0605   -93.966  -180.000   1   0   0   0   
    3.0500    2.8859  -50.8955   47.7051   -65.361   -90.000   0   0   1   0   
    3.0500    2.8834  -42.8421   38.5288   -63.862     0.000   0   0   1   0   
    3.0500    2.8859  -51.2134   48.0605   -93.992  -180.000   1   0   0   0   
    3.0503    2.8861  -50.8827   47.6908   -65.314   -90.000   0   0   1   0   
    3.0503    2.8836  -42.8565   38.5456   -63.849     0.000   0   0   1   0   
    3.0503    2.8861  -51.2134   48.0605   -94.020  -180.000   1   0   0   0   
    3.0505    2.8862  -50.8696   47.6761   -65.271   -90.000   0   0   1   0   
    3.0505    2.8838  -42.8710   38.5625   -63.836     0.000   0   0   1   0   
    3.0505    2.8862  -51.2134   48.0605   -94.048  -180.000   1   0   0   0   
    3.0507    2.8864  -50.8562   47.6612   -65.231   -90.000   0   0   1   0   
    3.0507    2.8840  -42.8855   38.5794   -63.823     0.000   0   0   1   0   
    3.0507    2.8864  -51.2134   48.0605   -94.078  -180.000   1   0   0   0   
    3.0510    2.8866  -50.8426   47.6460   -65.195   -90.000   0   0   1   0   
    3.0510    2.8842  -42.9001   38.5964   -63.810     0.000   0   0   1   0   
    3.0510    2.8865  -51.2133   48.0605   -94.109  -180.000   1   0   0   0   
    3.0513    2.8867  -50.8288   47.6305   -65.161   -90.000   0   0   1   0   
    3.0513    2.8844  -42.9148   38.6135   -63.797     0.000   0   0   1   0   
    3.0513    2.8867  -51.2133   48.0605   -94.140  -180.000   1   0   0   0   
    3.0515    2.8869  -50.8148   47.6148   -65.129   -90.000   0   0   1   0   
    3.0515    2.8846  -42.9295   38.6306   -63.783     0.000   0   0   1   0   
    3.0515    2.8869  -51.2133   48.0605   -94.173  -180.000   1   0   0   0   
    3.0518    2.8870  -50.8006   47.5989   -65.100   -90.000   0   0   1   0   
    3.0518    2.8847  -42.9443   38.6478   -63.770     0.000   0   0   1   0   
    3.0518    2.8870  -51.2133   48.0605   -94.207  -180.000   1   0   0   0   
    3.0520    2.8872  -50.7862   47.5828   -65.072   -90.000   0   0   1   0   
    3.0520    2.8849  -42.9591   38.6651   -63.756     0.000   0   0   1   0   
    3.0520    2.8872  -51.2133   48.0605   -94.242  -180.000   1   0   0   0   
    3.0522    2.8874  -50.7716   47.5665   -65.045   -90.000   0   0   1   0   
    3.0522    2.8851  -42.9740   38.6824   -63.742     0.000   0   0   1   0   
    3.0522    2.8873  -51.2133   48.0605   -94.278  -180.000   1   0   0   0   
    3.0525    2.8875  -50.7569   47.5501   -65.019   -90.000   0   0   1   0   
    3.0525    2.8853  -42.9889   38.6998   -63.728     0.000   0   0   1   0   
    3.0525    2.8875  -51.2133   48.0605   -94.315  -180.000   1   0   0   0   
    3.0528    2.8877  -50.7421   47.5334   -64.995   -90.000   0   0   1   0   
    3.0528    2.8855  -43.0040   38.7172   -63.714     0.000   0   0   1   0   
    3.0528    2.8877  -51.2133   48.0605   -94.353  -180.000   1   0   0   0   
    3.0530    2.8879  -50.7271   47.5167   -64.971   -90.000   0   0   1   0   
    3.0530    2.8857  -43.0190   38.7348   -63.700     0.000   0   0   1   0   
    3.0530    2.8878  -51.2133   48.0605   -94.392  -180.000   1   0   0   0   
    3.0532    2.8880  -50.7120   47.4997   -64.948   -90.000   0   0   1   0   
    3.0532    2.8859  -43.0342   38.7524   -63.686     0.000   0   0   1   0   
    3.0532    2.8880  -51.2133   48.0605   -94.432  -180.000   1   0   0   0   
    3.0535    2.8882  -50.6968   47.4827   -64.926   -90.000   0   0   1   0   
    3.0535    2.8861  -43.0494   38.7701   -63.671     0.000   0   0   1   0   
    3.0535    2.8881  -51.2133   48.0605   -94.474  -180.000   1   0   0   0   
    3.0537    2.8883  -50.6814   47.4655   -64.904   -90.000   0   0   1   0   
    3.0537    2.8863  -43.0646   38.7878   -63.657     0.000   0   0   1   0   
    3.0537    2.8883  -51.2133   48.0605   -94.516  -180.000   1   0   0   0   
    3.0540    2.8885  -50.6660   47.4482   -64.882   -90.000   0   0   1   0   
    3.0540    2.8864  -43.0799   38.8056   -63.642     0.000   0   0   1   0   
    3.0540    2.8885  -51.2133   48.0605   -94.560  -180.000   1   0   0   0   
    3.0543    2.8887  -50.6505   47.4308   -64.860   -90.000   0   0   1   0   
    3.0543    2.8866  -43.0953   38.8235   -63.627     0.000   0   0   1   0   
    3.0543    2.8886  -51.2133   48.0605   -94.604  -180.000   1   0   0   0   
    3.0545    2.8888  -50.6348   47.4133   -64.839   -90.000   0   0   1   0   
    3.0545    2.8868  -43.1108   38.8415   -63.612     0.000   0   0   1   0   
    3.0545    2.8888  -51.2133   48.0605   -94.650  -180.000   1   0   0   0   
    3.0547    2.8890  -50.6191   47.3957   -64.817   -90.000   0   0   1   0   
    3.0547    2.8870  -43.1263   38.8596   -63.597     0.000   0   0   1   0   
    3.0547    2.8889  -51.2133   48.0605   -94.697  -180.000   1   0   0   0   
    3.0550    2.8892  -50.6033   47.3780   -64.796   -90.000   0   0   1   0   
    3.0550    2.8872  -43.1419   38.8777   -63.582     0.000   0   0   1   0   
    3.0550    2.8891  -51.2133   48.0605   -94.745  -180.000   1   0   0   0   
    3.0553    2.8893  -50.5874   47.3602   -64.775   -90.000   0   0   1   0   
    3.0553    2.8874  -43.1576   38.8959   -63.566     0.000   0   0   1   0   
    3.0553    2.8893  -51.2133   48.0605   -94.794  -180.000   1   0   0   0   
    3.0555    2.8895  -50.5714   47.3423   -64.754   -90.000   0   0   1   0   
    3.0555    2.8876  -43.1733   38.9142   -63.551     0.000   0   0   1   0   
    3.0555    2.8894  -51.2133   48.0605   -94.844  -180.000   1   0   0   0   
    3.0558    2.8897  -50.5554   47.3243   -64.732   -90.000   0   0   1   0   
    3.0558    2.8878  -43.1891   38.9326   -63.535     0.000   0   0   1   0   
    3.0558    2.8896  -51.2133   48.0605   -94.896  -180.000   1   0   0   0   
    3.0560    2.8898  -50.5392   47.3062   -64.711   -90.000   0   0   1   0   
    3.0560    2.8879  -43.2050   38.9510   -63.519     0.000   0   0   1   0   
    3.0560    2.8897  -51.2133   48.0605   -94.948  -180.000   1   0   0   0   
    3.0562    2.8900  -50.5230   47.2880   -64.689   -90.000   0   0   1   0   
    3.0562    2.8881  -43.2209   38.9696   -63.503     0.000   0   0   1   0   
    3.0562    2.8899  -51.2133   48.0605   -95.001  -180.000   1   0   0   0   
    3.0565    2.8901  -50.5067   47.2698   -64.668   -90.000   0   0   1   0   
    3.0565    2.8883  -43.2370   38.9882   -63.487     0.000   0   0   1   0   
    3.0565    2.8901  -51.2133   48.0605   -95.056  -180.000   1   0   0   0   
    3.0568    2.8903  -50.4903   47.2514   -64.646   -90.000   0   0   1   0   
    3.0568    2.8885  -43.2531   39.0069   -63.471     0.000   0   0   1   0   
    3.0568    2.8902  -51.2133   48.0605   -95.112  -180.000   1   0   0   0   
    3.0570    2.8905  -50.4738   47.2329   -64.624   -90.000   0   0   1   0   
    3.0570    2.8887  -43.2692   39.0257   -63.454     0.000   0   0   1   0   
    3.0570    2.8904  -51.2133   48.0605   -95.169  -180.000   1   0   0   0   
    3.0572    2.8906  -50.4573   47.2144   -64.602   -90.000   0   0   1   0   
    3.0572    2.8889  -43.2855   39.0446   -63.437     0.000   0   0   1   0   
    3.0572    2.8905  -51.2133   48.0605   -95.227  -180.000   1   0   0   0   
    3.0575    2.8908  -50.4406   47.1957   -64.579   -90.000   0   0   1   0   
    3.0575    2.8891  -43.3018   39.0636   -63.421     0.000   0   0   1   0   
    3.0575    2.8907  -51.2133   48.0605   -95.286  -180.000   1   0   0   0   
    3.0577    2.8910  -50.4239   47.1770   -64.557   -90.000   0   0   1   0   
    3.0577    2.8893  -43.3183   39.0826   -63.404     0.000   0   0   1   0   
    3.0577    2.8909  -51.2133   48.0605   -95.346  -180.000   1   0   0   0   
    3.0580    2.8911  -50.4071   47.1582   -64.534   -90.000   0   0   1   0   
    3.0580    2.8894  -43.3348   39.1018   -63.386     0.000   0   0   1   0   
    3.0580    2.8910  -51.2133   48.0605   -95.407  -180.000   1   0   0   0   
    3.0583    2.8913  -50.3902   47.1392   -64.511   -90.000   0   0   1   0   
    3.0583    2.8896  -43.3513   39.1211   -63.369     0.000   0   0   1   0   
    3.0583    2.8912  -51.2133   48.0605   -95.470  -180.000   1   0   0   0   
    3.0585    2.8915  -50.3733   47.1202   -64.488   -90.000   0   0   1   0   
    3.0585    2.8898  -43.3680   39.1404   -63.351     0.000   0   0   1   0   
    3.0585    2.8913  -51.2133   48.0605   -95.534  -180.000   1   0   0   0   
    3.0587    2.8916  -50.3562   47.1011   -64.465   -90.000   0   0   1   0   
    3.0587    2.8900  -43.3848   39.1599   -63.334     0.000   0   0   1   0   
    3.0587    2.8915  -51.2133   48.0605   -95.598  -180.000   1   0   0   0   
    3.0590    2.8918  -50.3391   47.0819   -64.441   -90.000   0   0   1   0   
    3.0590    2.8902  -43.4016   39.1794   -63.316     0.000   0   0   1   0   
    3.0590    2.8917  -51.2133   48.0605   -95.664  -180.000   1   0   0   0   
    3.0593    2.8919  -50.3218   47.0625   -64.417   -90.000   0   0   1   0   
    3.0593    2.8904  -43.4185   39.1991   -63.297     0.000   0   0   1   0   
    3.0593    2.8918  -51.2133   48.0605   -95.731  -180.000   1   0   0   0   
    3.0595    2.8921  -50.3045   47.0431   -64.393   -90.000   0   0   1   0   
    3.0595    2.8906  -43.4355   39.2188   -63.279     0.000   0   0   1   0   
    3.0595    2.8920  -51.2133   48.0605   -95.799  -180.000   1   0   0   0   
    3.0598    2.8923  -50.2871   47.0236   -64.369   -90.000   0   0   1   0   
    3.0598    2.8908  -43.4527   39.2387   -63.260     0.000   0   0   1   0   
    3.0598    2.8921  -51.2133   48.0605   -95.868  -180.000   1   0   0   0   
    3.0600    2.8924  -50.2696   47.0039   -64.345   -90.000   0   0   1   0   
    3.0600    2.8909  -43.4699   39.2586   -63.241     0.000   0   0   1   0   
    3.0600    2.8923  -51.2133   48.0605   -95.939  -180.000   1   0   0   0   
    3.0602    2.8926  -50.2520   46.9842   -64.320   -90.000   0   0   1   0   
    3.0602    2.8911  -43.4872   39.2787   -63.222     0.000   0   0   1   0   
    3.0605    2.8928  -50.2343   46.9643   -64.295   -90.000   0   0   1   0   
    3.0605    2.8913  -43.5045   39.2989   -63.203     0.000   0   0   1   0   
    3.0608    2.8929  -50.2165   46.9444   -64.270   -90.000   0   0   1   0   
    3.0608    2.8915  -43.5220   39.3192   -63.184     0.000   0   0   1   0   
    3.0610    2.8931  -50.1986   46.9243   -64.244   -90.000   0   0   1   0   
    3.0610    2.8917  -43.5396   39.3396   -63.164     0.000   0   0   1   0   
    3.0612    2.8933  -50.1806   46.9041   -64.218   -90.000   0   0   1   0   
    3.0612    2.8919  -43.5573   39.3601   -63.144     0.000   0   0   1   0   
    3.0615    2.8934  -50.1625   46.8838   -64.192   -90.000   0   0   1   0   
    3.0615    2.8921  -43.5751   39.3807   -63.124     0.000   0   0   1   0   
    3.0617    2.8936  -50.1443   46.8634   -64.166   -90.000   0   0   1   0   
    3.0617    2.8922  -43.5930   39.4015   -63.103     0.000   0   0   1   0   
    3.0620    2.8938  -50.1260   46.8428   -64.139   -90.000   0   0   1   0   
    3.0620    2.8924  -43.6110   39.4224   -63.082     0.000   0   0   1   0   
    3.0623    2.8939  -50.1075   46.8221   -64.112   -90.000   0   0   1   0   
    3.0623    2.8926  -43.6292   39.4434   -63.061     0.000   0   0   1   0   
    3.0625    2.8941  -50.0890   46.8013   -64.085   -90.000   0   0   1   0   
    3.0625    2.8928  -43.6474   39.4645   -63.040     0.000   0   0   1   0   
    3.0627    2.8943  -50.0703   46.7804   -64.057   -90.000   0   0   1   0   
    3.0627    2.8930  -43.6657   39.4858   -63.019     0.000   0   0   1   0   
    3.0630    2.8944  -50.0516   46.7593   -64.029   -90.000   0   0   1   0   
    3.0630    2.8932  -43.6842   39.5072   -62.997     0.000   0   0   1   0   
    3.0633    2.8946  -50.0327   46.7381   -64.001   -90.000   0   0   1   0   
    3.0633    2.8934  -43.7028   39.5287   -62.975     0.000   0   0   1   0   
    3.0635    2.8947  -50.0137   46.7168   -63.973   -90.000   0   0   1   0   
    3.0635    2.8936  -43.7215   39.5504   -62.952     0.000   0   0   1   0   
    3.0638    2.8949  -49.9945   46.6953   -63.944   -90.000   0   0   1   0   
    3.0638    2.8937  -43.7403   39.5722   -62.929     0.000   0   0   1   0   
    3.0640    2.8951  -49.9753   46.6736   -63.914   -90.000   0   0   1   0   
    3.0640    2.8939  -43.7593   39.5942   -62.906     0.000   0   0   1   0   
    3.0642    2.8952  -49.9559   46.6519   -63.885   -90.000   0   0   1   0   
    3.0642    2.8941  -43.7784   39.6163   -62.883     0.000   0   0   1   0   
    3.0645    2.8954  -49.9363   46.6299   -63.855   -90.000   0   0   1   0   
    3.0645    2.8943  -43.7976   39.6386   -62.859     0.000   0   0   1   0   
    3.0648    2.8956  -49.9167   46.6079   -63.824   -90.000   0   0   1   0   
    3.0648    2.8945  -43.8170   39.6610   -62.835     0.000   0   0   1   0   
    3.0650    2.8957  -49.8969   46.5856   -63.793   -90.000   0   0   1   0   
    3.0650    2.8947  -43.8365   39.6836   -62.811     0.000   0   0   1   0   
    3.0652    2.8959  -49.8769   46.5632   -63.762   -90.000   0   0   1   0   
    3.0652    2.8949  -43.8561   39.7063   -62.786     0.000   0   0   1   0   
    3.0655    2.8961  -49.8568   46.5406   -63.730   -90.000   0   0   1   0   
    3.0655    2.8950  -43.8759   39.7292   -62.761     0.000   0   0   1   0   
    3.0657    2.8962  -49.8366   46.5179   -63.698   -90.000   0   0   1   0   
    3.0657    2.8952  -43.8958   39.7523   -62.735     0.000   0   0   1   0   
    3.0660    2.8964  -49.8162   46.4950   -63.666   -90.000   0   0   1   0   
    3.0660    2.8954  -43.9159   39.7755   -62.709     0.000   0   0   1   0   
    3.0663    2.8966  -49.7956   46.4719   -63.633   -90.000   0   0   1   0   
    3.0663    2.8956  -43.9362   39.7990   -62.683     0.000   0   0   1   0   
    3.0665    2.8967  -49.7749   46.4486   -63.599   -90.000   0   0   1   0   
    3.0665    2.8958  -43.9566   39.8226   -62.656     0.000   0   0   1   0   
    3.0667    2.8969  -49.7540   46.4251   -63.565   -90.000   0   0   1   0   
    3.0667    2.8960  -43.9772   39.8464   -62.629     0.000   0   0   1   0   
    3.0670    2.8971  -49.7329   46.4014   -63.531   -90.000   0   0   1   0   
    3.0670    2.8962  -43.9980   39.8704   -62.601     0.000   0   0   1   0   
    3.0673    2.8972  -49.7117   46.3776   -63.496   -90.000   0   0   1   0   
    3.0673    2.8963  -44.0189   39.8947   -62.573     0.000   0   0   1   0   
    3.0675    2.8974  -49.6902   46.3535   -63.460   -90.000   0   0   1   0   
    3.0675    2.8965  -44.0400   39.9191   -62.544     0.000   0   0   1   0   
    3.0678    2.8976  -49.6686   46.3292   -63.424   -90.000   0   0   1   0   
    3.0678    2.8967  -44.0613   39.9437   -62.515     0.000   0   0   1   0   
    3.0680    2.8977  -49.6468   46.3047   -63.387   -90.000   0   0   1   0   
    3.0680    2.8969  -44.0828   39.9686   -62.485     0.000   0   0   1   0   
    3.0682    2.8979  -49.6248   46.2799   -63.350   -90.000   0   0   1   0   
    3.0682    2.8971  -44.1045   39.9937   -62.455     0.000   0   0   1   0   
    3.0685    2.8981  -49.6025   46.2549   -63.312   -90.000   0   0   1   0   
    3.0685    2.8973  -44.1265   40.0191   -62.424     0.000   0   0   1   0   
    3.0688    2.8982  -49.5801   46.2297   -63.273   -90.000   0   0   1   0   
    3.0688    2.8975  -44.1486   40.0447   -62.393     0.000   0   0   1   0   
    3.0690    2.8984  -49.5574   46.2042   -63.234   -90.000   0   0   1   0   
    3.0690    2.8976  -44.1710   40.0705   -62.361     0.000   0   0   1   0   
    3.0692    2.8986  -49.5345   46.1784   -63.193   -90.000   0   0   1   0   
    3.0692    2.8978  -44.1936   40.0966   -62.328     0.000   0   0   1   0   
    3.0695    2.8987  -49.5113   46.1524   -63.153   -90.000   0   0   1   0   
    3.0695    2.8980  -44.2164   40.1230   -62.295     0.000   0   0   1   0   
    3.0697    2.8989  -49.4879   46.1260   -63.111   -90.000   0   0   1   0   
    3.0697    2.8982  -44.2395   40.1497   -62.261     0.000   0   0   1   0   
    3.0700    2.8991  -49.4642   46.0994   -63.068   -90.000   0   0   1   0   
    3.0700    2.8984  -44.2629   40.1767   -62.226     0.000   0   0   1   0   
    3.0703    2.8992  -49.4402   46.0724   -63.025   -90.000   0   0   1   0   
    3.0703    2.8986  -44.2865   40.2041   -62.190     0.000   0   0   1   0   
    3.0705    2.8994  -49.4160   46.0451   -62.981   -90.000   0   0   1   0   
    3.0705    2.8987  -44.3105   40.2317   -62.154     0.000   0   0   1   0   
    3.0707    2.8996  -49.3914   46.0175   -62.935   -90.000   0   0   1   0   
    3.0707    2.8989  -44.3348   40.2598   -62.116     0.000   0   0   1   0   
    3.0710    2.8997  -49.3665   45.9894   -62.889   -90.000   0   0   1   0   
    3.0710    2.8991  -44.3594   40.2882   -62.078     0.000   0   0   1   0   
    3.0713    2.8999  -49.3412   45.9610   -62.842   -90.000   0   0   1   0   
    3.0713    2.8993  -44.3843   40.3170   -62.039     0.000   0   0   1   0   
    3.0715    2.9001  -49.3156   45.9322   -62.793   -90.000   0   0   1   0   
    3.0715    2.8995  -44.4096   40.3462   -61.998     0.000   0   0   1   0   
    3.0718    2.9002  -49.2896   45.9029   -62.744   -90.000   0   0   1   0   
    3.0718    2.8997  -44.4353   40.3758   -61.957     0.000   0   0   1   0   
    3.0720    2.9004  -49.2631   45.8732   -62.693   -90.000   0   0   1   0   
    3.0720    2.8999  -44.4614   40.4060   -61.915     0.000   0   0   1   0   
    3.0722    2.9006  -49.2363   45.8430   -62.640   -90.000   0   0   1   0   
    3.0722    2.9000  -44.4879   40.4366   -61.871     0.000   0   0   1   0   
    3.0725    2.9007  -49.2090   45.8123   -62.587   -90.000   0   0   1   0   
    3.0725    2.9002  -44.5149   40.4678   -61.826     0.000   0   0   1   0   
    3.0728    2.9009  -49.1812   45.7810   -62.531   -90.000   0   0   1   0   
    3.0728    2.9004  -44.5424   40.4995   -61.780     0.000   0   0   1   0   
    3.0730    2.9011  -49.1529   45.7492   -62.475   -90.000   0   0   1   0   
    3.0730    2.9006  -44.5704   40.5318   -61.732     0.000   0   0   1   0   
    3.0732    2.9012  -49.1241   45.7168   -62.416   -90.000   0   0   1   0   
    3.0732    2.9008  -44.5989   40.5647   -61.682     0.000   0   0   1   0   
    3.0735    2.9014  -49.0948   45.6838   -62.356   -90.000   0   0   1   0   
    3.0735    2.9010  -44.6280   40.5983   -61.631     0.000   0   0   1   0   
    3.0737    2.9016  -49.0648   45.6501   -62.294   -90.000   0   0   1   0   
    3.0737    2.9011  -44.6577   40.6326   -61.578     0.000   0   0   1   0   
    3.0740    2.9017  -49.0343   45.6157   -62.230   -90.000   0   0   1   0   
    3.0740    2.9013  -44.6881   40.6676   -61.524     0.000   0   0   1   0   
    3.0743    2.9019  -49.0032   45.5807   -62.164   -90.000   0   0   1   0   
    3.0743    2.9015  -44.7191   40.7034   -61.467     0.000   0   0   1   0   
    3.0745    2.9021  -48.9714   45.5449   -62.095   -90.000   0   0   1   0   
    3.0745    2.9017  -44.7508   40.7400   -61.408     0.000   0   0   1   0   
    3.0747    2.9023  -48.9390   45.5084   -62.025   -90.000   0   0   1   0   
    3.0747    2.9019  -44.7832   40.7774   -61.347     0.000   0   0   1   0   
    3.0750    2.9024  -48.9030   45.4680   -61.946   -90.000   0   0   1   0   
    3.0750    2.9021  -44.8136   40.8124   -61.290     0.000   0   0   1   0   
    3.0753    2.9026  -48.8687   45.4294   -61.870   -90.000   0   0   1   0   
    3.0753    2.9022  -44.8470   40.8509   -61.226     0.000   0   0   1   0   
    3.0755    2.9028  -48.8338   45.3900   -61.792   -90.000   0   0   1   0   
    3.0755    2.9024  -44.8811   40.8902   -61.159     0.000   0   0   1   0   
    3.0758    2.9029  -48.7981   45.3498   -61.710   -90.000   0   0   1   0   
    3.0758    2.9026  -44.9158   40.9302   -61.091     0.000   0   0   1   0   
    3.0760    2.9031  -48.7617   45.3089   -61.627   -90.000   0   0   1   0   
    3.0760    2.9028  -44.9512   40.9710   -61.020     0.000   0   0   1   0   
    3.0762    2.9033  -48.7247   45.2672   -61.541   -90.000   0   0   1   0   
    3.0762    2.9030  -44.9872   41.0125   -60.947     0.000   0   0   1   0   
    3.0765    2.9034  -48.6871   45.2248   -61.453   -90.000   0   0   1   0   
    3.0765    2.9032  -45.0238   41.0547   -60.872     0.000   0   0   1   0   
    3.0768    2.9036  -48.6490   45.1818   -61.362   -90.000   0   0   1   0   
    3.0768    2.9033  -45.0610   41.0975   -60.795     0.000   0   0   1   0   
    3.0770    2.9038  -48.6103   45.1383   -61.269   -90.000   0   0   1   0   
    3.0770    2.9035  -45.0987   41.1409   -60.716     0.000   0   0   1   0   
    3.0772    2.9039  -48.5713   45.0943   -61.175   -90.000   0   0   1   0   
    3.0772    2.9037  -45.1368   41.1848   -60.635     0.000   0   0   1   0   
    3.0775    2.9041  -48.5319   45.0499   -61.079   -90.000   0   0   1   0   
    3.0775    2.9039  -45.1753   41.2291   -60.552     0.000   0   0   1   0   
    3.0777    2.9043  -48.4923   45.0052   -60.982   -90.000   0   0   1   0   
    3.0777    2.9041  -45.2141   41.2737   -60.469     0.000   0   0   1   0   
    3.0780    2.9045  -48.4526   44.9604   -60.884   -90.000   0   0   1   0   
    3.0780    2.9043  -45.2531   41.3185   -60.384     0.000   0   0   1   0   
    3.0783    2.9046  -48.4129   44.9155   -60.786   -90.000   0   0   1   0   
    3.0783    2.9044  -45.2922   41.3634   -60.299     0.000   0   0   1   0   
    3.0785    2.9048  -48.3732   44.8708   -60.688   -90.000   0   0   1   0   
    3.0785    2.9046  -45.3313   41.4084   -60.213     0.000   0   0   1   0   
    3.0787    2.9050  -48.3338   44.8263   -60.590   -90.000   0   0   1   0   
    3.0787    2.9048  -45.3703   41.4531   -60.128     0.000   0   0   1   0   
    3.0790    2.9051  -48.2947   44.7821   -60.494   -90.000   0   0   1   0   
    3.0790    2.9050  -45.4091   41.4977   -60.043     0.000   0   0   1   0   
    3.0793    2.9053  -48.2560   44.7384   -60.400   -90.000   0   0   1   0   
    3.0793    2.9052  -45.4475   41.5418   -59.959     0.000   0   0   1   0   
    3.0795    2.9055  -48.2179   44.6952   -60.308   -90.000   0   0   1   0   
    3.0795    2.9053  -45.4856   41.5854   -59.878     0.000   0   0   1   0   
    3.0798    2.9056  -48.1804   44.6528   -60.219   -90.000   0   0   1   0   
    3.0798    2.9055  -45.5231   41.6285   -59.798     0.000   0   0   1   0   
    3.0800    2.9058  -48.1435   44.6112   -60.135   -90.000   0   0   1   0   
    3.0800    2.9057  -45.5601   41.6708   -59.722     0.000   0   0   1   0   
    3.0802    2.9060  -48.1075   44.5704   -60.055   -90.000   0   0   1   0   
    3.0802    2.9059  -45.5963   41.7123   -59.649     0.000   0   0   1   0   
    3.0805    2.9062  -48.0724   44.5306   -59.981   -90.000   0   0   1   0   
    3.0805    2.9061  -45.6318   41.7529   -59.581     0.000   0   0   1   0   
    3.0808    2.9063  -48.0381   44.4918   -59.912   -90.000   0   0   1   0   
    3.0808    2.9062  -45.6664   41.7926   -59.518     0.000   0   0   1   0   
    3.0810    2.9065  -48.0048   44.4541   -59.851   -90.000   0   0   1   0   
    3.0810    2.9064  -45.7002   41.8312   -59.461     0.000   0   0   1   0   
    3.0812    2.9067  -47.9725   44.4175   -59.798   -90.000   0   0   1   0   
    3.0812    2.9066  -45.7330   41.8687   -59.410     0.000   0   0   1   0   
    3.0815    2.9068  -47.9413   44.3820   -59.753   -90.000   0   0   1   0   
    3.0815    2.9068  -45.7648   41.9050   -59.366     0.000   0   0   1   0   
    3.0817    2.9070  -47.9110   44.3477   -59.717   -90.000   0   0   1   0   
    3.0817    2.9070  -45.7956   41.9402   -59.330     0.000   0   0   1   0   
    3.0820    2.9072  -47.8819   44.3146   -59.691   -90.000   0   0   1   0   
    3.0820    2.9071  -45.8254   41.9743   -59.302     0.000   0   0   1   0   
    3.0823    2.9074  -47.8537   44.2827   -59.675   -90.000   0   0   1   0   
    3.0823    2.9073  -45.8541   42.0071   -59.284     0.000   0   0   1   0   
    3.0825    2.9075  -47.8266   44.2519   -59.671   -90.000   0   0   1   0   
    3.0825    2.9075  -45.8818   42.0387   -59.275     0.000   0   0   1   0   
    3.0827    2.9077  -47.8006   44.2224   -59.679   -90.000   0   0   1   0   
    3.0827    2.9077  -45.9084   42.0691   -59.277     0.000   0   0   1   0   
    3.0830    2.9079  -47.7755   44.1939   -59.699   -90.000   0   0   1   0   
    3.0830    2.9079  -45.9340   42.0983   -59.290     0.000   0   0   1   0   
    3.0833    2.9081  -47.7515   44.1666   -59.732   -90.000   0   0   1   0   
    3.0833    2.9080  -45.9586   42.1263   -59.315     0.000   0   0   1   0   
    3.0835    2.9082  -47.7284   44.1404   -59.779   -90.000   0   0   1   0   
    3.0835    2.9082  -45.9822   42.1532   -59.352     0.000   0   0   1   0   
    3.0838    2.9084  -47.7062   44.1152   -59.840   -90.000   0   0   1   0   
    3.0838    2.9084  -46.0047   42.1790   -59.402     0.000   0   0   1   0   
    3.0840    2.9086  -47.6850   44.0910   -59.916   -90.000   0   0   1   0   
    3.0840    2.9086  -46.0264   42.2036   -59.465     0.000   0   0   1   0   
    3.0842    2.9088  -47.6646   44.0679   -60.006   -90.000   0   0   1   0   
    3.0842    2.9088  -46.0471   42.2272   -59.542     0.000   0   0   1   0   
    3.0845    2.9089  -47.6451   44.0457   -60.113   -90.000   0   0   1   0   
    3.0845    2.9089  -46.0669   42.2498   -59.633     0.000   0   0   1   0   
    3.0848    2.9091  -47.6263   44.0244   -60.235   -90.000   0   0   1   0   
    3.0848    2.9091  -46.0858   42.2714   -59.739     0.000   0   0   1   0   
    3.0850    2.9093  -47.6084   44.0039   -60.374   -90.000   0   0   1   0   
    3.0850    2.9093  -46.1039   42.2920   -59.860     0.000   0   0   1   0   
    3.0852    2.9094  -47.5912   43.9844   -60.529   -90.000   0   0   1   0
    3.0852    2.9095  -46.1286   42.3200   -60.057     0.000   0   0   1   0
    3.0855    2.9096  -47.5747   43.9656   -60.702   -90.000   0   0   1   0
    3.0855    2.9096  -46.1448   42.3385   -60.207     0.000   0   0   1   0
    3.0857    2.9098  -47.5039   43.8854   -60.542   -90.000   0   0   1   0
    3.0857    2.9098  -46.1047   42.2924   -60.710     0.000   0   0   1   0
    3.0860    2.9100  -47.4882   43.8676   -60.738   -90.000   0   0   1   0
    3.0860    2.9100  -46.1191   42.3088   -60.903     0.000   0   0   1   0
    3.0863    2.9101  -47.4731   43.8504   -60.953   -90.000   0   0   1   0
    3.0863    2.9102  -46.1328   42.3244   -61.114     0.000   0   0   1   0
    3.0865    2.9103  -47.4587   43.8340   -61.186   -90.000   0   0   1   0
    3.0865    2.9104  -46.1459   42.3393   -61.341     0.000   0   0   1   0
    3.0867    2.9105  -47.4448   43.8182   -61.437   -90.000   0   0   1   0
    3.0867    2.9105  -46.1585   42.3536   -61.586     0.000   0   0   1   0
    3.0870    2.9107  -47.4315   43.8030   -61.708   -90.000   0   0   1   0
    3.0870    2.9107  -46.1705   42.3673   -61.849     0.000   0   0   1   0
    3.0873    2.9108  -47.4187   43.7885   -61.997   -90.000   0   0   1   0
    3.0873    2.9109  -46.1820   42.3804   -62.130     0.000   0   0   1   0
    3.0875    2.9110  -47.4064   43.7744   -62.306   -90.000   0   0   1   0
    3.0875    2.9111  -46.1930   42.3929   -62.429     0.000   0   0   1   0
    3.0878    2.9112  -47.3946   43.7610   -62.634   -90.000   0   0   1   0
    3.0878    2.9112  -46.2035   42.4049   -62.746     0.000   0   0   1   0
    3.0880    2.9114  -47.3832   43.7480   -62.982   -90.000   0   0   1   0
    3.0880    2.9114  -46.2136   42.4164   -63.082     0.000   0   0   1   0
    3.0882    2.9115  -47.3722   43.7355   -63.350   -90.000   0   0   1   0
    3.0882    2.9116  -46.2233   42.4274   -63.437     0.000   0   0   1   0
    3.0885    2.9117  -47.3617   43.7235   -63.738   -90.000   0   0   1   0
    3.0885    2.9118  -46.2326   42.4380   -63.811     0.000   0   0   1   0
    3.0888    2.9119  -47.3515   43.7119   -64.146   -90.000   0   0   1   0
    3.0888    2.9120  -46.2415   42.4481   -64.204     0.000   0   0   1   0
    3.0890    2.9121  -47.3417   43.7007   -64.575   -90.000   0   0   1   0
    3.0890    2.9121  -46.2500   42.4578   -64.616     0.000   0   0   1   0
    3.0892    2.9122  -47.3322   43.6899   -65.023   -90.000   0   0   1   0
    3.0892    2.9123  -46.2582   42.4671   -65.048     0.000   0   0   1   0
    3.0895    2.9124  -47.3230   43.6794   -65.493   -90.000   0   0   1   0
    3.0895    2.9125  -46.2661   42.4760   -65.500     0.000   0   0   1   0
    3.0897    2.9126  -47.3142   43.6693   -65.983   -90.000   0   0   1   0
    3.0897    2.9127  -46.2736   42.4846   -65.971     0.000   0   0   1   0
    3.0900    2.9128  -47.3056   43.6596   -66.494   -90.000   0   0   1   0
    3.0900    2.9128  -46.2808   42.4928   -66.462     0.000   0   0   1   0
    3.0903    2.9129  -47.2973   43.6502   -67.026   -90.000   0   0   1   0
    3.0903    2.9130  -46.2878   42.5007   -66.973     0.000   0   0   1   0
    3.0905    2.9131  -47.2893   43.6410   -67.579   -90.000   0   0   1   0
    3.0905    2.9132  -46.2945   42.5083   -67.505     0.000   0   0   1   0
    3.0907    2.9133  -47.2816   43.6322   -68.153   -90.000   0   0   1   0
    3.0907    2.9134  -46.3009   42.5156   -68.056     0.000   0   0   1   0
    3.0910    2.9135  -47.2741   43.6236   -68.748   -90.000   0   0   1   0
    3.0910    2.9135  -46.3070   42.5226   -68.628     0.000   0   0   1   0
    3.0913    2.9136  -47.2668   43.6153   -69.365   -90.000   0   0   1   0
    3.0913    2.9137  -46.3130   42.5294   -69.221     0.000   0   0   1   0
    3.0915    2.9138  -47.2597   43.6072   -70.002   -90.000   0   0   1   0
    3.0915    2.9139  -46.3187   42.5359   -69.834     0.000   0   0   1   0
    3.0918    2.9140  -47.2528   43.5994   -70.662   -90.000   0   0   1   0
    3.0918    2.9141  -46.3242   42.5421   -70.467     0.000   0   0   1   0
    3.0920    2.9142  -47.2462   43.5918   -71.343   -90.000   0   0   1   0
    3.0920    2.9142  -46.3295   42.5481   -71.122     0.000   0   0   1   0
    3.0922    2.9143  -47.2397   43.5844   -72.045   -90.000   0   0   1   0
    3.0922    2.9144  -46.3346   42.5539   -71.797     0.000   0   0   1   0
    3.0925    2.9145  -47.2334   43.5772   -72.769   -90.000   0   0   1   0
    3.0925    2.9146  -46.3395   42.5595   -72.493     0.000   0   0   1   0
    3.0928    2.9147  -47.2272   43.5703   -73.515   -90.000   0   0   1   0
    3.0928    2.9148  -46.3442   42.5649   -73.210     0.000   0   0   1   0
    3.0930    2.9149  -47.2213   43.5635   -74.283   -90.000   0   0   1   0
    3.0930    2.9150  -46.3487   42.5700   -73.948     0.000   0   0   1   0
    3.0932    2.9150  -47.2155   43.5568   -75.072   -90.000   0   0   1   0
    3.0932    2.9151  -46.3531   42.5750   -74.707     0.000   0   0   1   0
    3.0935    2.9152  -47.2098   43.5504   -75.884   -90.000   0   0   1   0
    3.0935    2.9153  -46.3574   42.5798   -75.487     0.000   0   0   1   0
    3.0938    2.9154  -47.2043   43.5441   -76.717   -90.000   0   0   1   0
    3.0938    2.9155  -46.3614   42.5845   -76.289     0.000   0   0   1   0
    3.0940    2.9156  -47.1989   43.5380   -77.572   -90.000   0   0   1   0
    3.0940    2.9157  -46.3654   42.5889   -77.112     0.000   0   0   1   0
    3.0943    2.9157  -47.1937   43.5320   -78.450   -90.000   0   0   1   0
    3.0943    2.9158  -46.3692   42.5933   -77.956     0.000   0   0   1   0
    3.0945    2.9159  -47.1886   43.5262   -79.349   -90.000   0   0   1   0
    3.0945    2.9160  -46.3728   42.5974   -78.821     0.000   0   0   1   0
    3.0947    2.9161  -47.1836   43.5205   -80.271   -90.000   0   0   1   0
    3.0947    2.9162  -46.3763   42.6014   -79.708     0.000   0   0   1   0
    3.0950    2.9163  -47.1787   43.5149   -81.215   -90.000   0   0   1   0
    3.0950    2.9164  -46.3797   42.6053   -80.617     0.000   0   0   1   0
    3.0953    2.9164  -47.1739   43.5095   -82.181   -90.000   0   0   1   0
    3.0953    2.9165  -46.3830   42.6090   -81.547     0.000   0   0   1   0
    3.0955    2.9166  -47.1693   43.5042   -83.169   -90.000   0   0   1   0
    3.0955    2.9167  -46.3862   42.6126   -82.498     0.000   0   0   1   0
    3.0958    2.9168  -47.1647   43.4990   -84.179   -90.000   0   0   1   0
    3.0958    2.9169  -46.3893   42.6161   -83.471     0.000   0   0   1   0
    3.0960    2.9170  -47.1603   43.4939   -85.212   -90.000   0   0   1   0
    3.0960    2.9171  -46.3922   42.6195   -84.466     0.000   0   0   1   0
    3.0962    2.9171  -47.1559   43.4889   -86.267   -90.000   0   0   1   0
    3.0962    2.9172  -46.3951   42.6227   -85.483     0.000   0   0   1   0
    3.0965    2.9173  -47.0898   43.4139   -86.619   -90.000   0   0   1   0
    3.0965    2.9174  -46.3354   42.5546   -87.230     0.000   0   0   1   0
    3.0968    2.9175  -47.0855   43.4090   -87.709   -90.000   0   0   1   0
    3.0968    2.9176  -46.3382   42.5577   -88.294     0.000   0   0   1   0
    3.0970    2.9177  -47.0813   43.4042   -88.822   -90.000   0   0   1   0
    3.0970    2.9178  -46.3408   42.5607   -89.380     0.000   0   0   1   0
    3.0972    2.9178  -47.0772   43.3995   -89.956   -90.000   0   0   1   0
    3.0972    2.9180  -46.3434   42.5636   -90.488     0.000   0   0   1   0
    3.0975    2.9180  -47.0731   43.3949   -91.114   -90.000   0   0   1   0
    3.0975    2.9181  -46.3459   42.5664   -91.618     0.000   0   0   1   0
    3.0978    2.9182  -47.0691   43.3903   -92.294   -90.000   0   0   1   0
    3.0978    2.9183  -46.3483   42.5692   -92.769     0.000   0   0   1   0
    3.0980    2.9184  -47.0652   43.3859   -93.496   -90.000   0   0   1   0
    3.0980    2.9185  -46.3506   42.5718   -93.943     0.000   0   0   1   0
    3.0983    2.9185  -47.0614   43.3815   -94.721   -90.000   0   0   1   0
    3.0983    2.9187  -46.3528   42.5744   -95.138     0.000   0   0   1   0
    3.0985    2.9187  -47.0576   43.3772   -95.968   -90.000   0   0   1   0
    3.0985    2.9188  -46.3550   42.5768   -96.355     0.000   0   0   1   0
    3.0987    2.9189  -47.0539   43.3730   -97.238   -90.000   0   0   1   0
    3.0987    2.9190  -46.3571   42.5792   -97.594     0.000   0   0   1   0
    3.0990    2.9191  -47.0503   43.3688   -98.531   -90.000   0   0   1   0
    3.0990    2.9192  -46.3592   42.5816   -98.855     0.000   0   0   1   0
    3.0993    2.9192  -47.0467   43.3648   -99.846   -90.000   0   0   1   0
    3.0993    2.9194  -46.3612   42.5838  -100.138     0.000   0   0   1   0
    3.0995    2.9194  -47.0432   43.3608  -101.184   -90.000   0   0   1   0
    3.0995    2.9195  -46.3631   42.5860  -101.443     0.000   0   0   1   0
    3.0997    2.9196  -47.0398   43.3568  -102.544   -90.000   0   0   1   0
    3.0997    2.9197  -46.3649   42.5881  -102.769     0.000   0   0   1   0
    3.1000    2.9198  -47.0364   43.3529  -103.928   -90.000   0   0   1   0
    3.1000    2.9199  -46.3667   42.5902  -104.119     0.000   0   0   1   0

