      0.50000000E+00     -0.50793024E+02      0.51128422E+02
      0.50100000E+00     -0.49863795E+02      0.16376415E+03
      0.50200000E+00     -0.49468732E+02     -0.84064213E+02
      0.50300000E+00     -0.49556516E+02      0.28018846E+02
      0.50400000E+00     -0.50128356E+02      0.14032967E+03
      0.50500000E+00     -0.51238446E+02     -0.10671893E+03
      0.50600000E+00     -0.53016492E+02      0.76473838E+01
      0.50700000E+00     -0.55722983E+02      0.12537360E+03
      0.50800000E+00     -0.59751633E+02     -0.10700652E+03
      0.50900000E+00     -0.63351649E+02      0.50677679E+02
      0.51000000E+00     -0.60056589E+02     -0.14985272E+03
      0.51100000E+00     -0.56029741E+02     -0.21298282E+02
      0.51200000E+00     -0.53329775E+02      0.96783700E+02
      0.51300000E+00     -0.51564394E+02     -0.14862415E+03
      0.51400000E+00     -0.50459276E+02     -0.35473590E+02
      0.51500000E+00     -0.49872648E+02      0.77034783E+02
      0.51600000E+00     -0.49736929E+02     -0.17068844E+03
      0.51700000E+00     -0.50032176E+02     -0.58352691E+02
      0.51800000E+00     -0.50778871E+02      0.54345370E+02
      0.51900000E+00     -0.52045082E+02      0.16786426E+03
      0.52000000E+00     -0.53971289E+02     -0.76870705E+02
      0.52100000E+00     -0.56813954E+02      0.42537798E+02
      0.52200000E+00     -0.60796556E+02      0.17393994E+03
      0.52300000E+00     -0.63192017E+02     -0.26306764E+02
      0.52400000E+00     -0.59712654E+02      0.12553610E+03
      0.52500000E+00     -0.56084880E+02     -0.10771851E+03
      0.52600000E+00     -0.53585467E+02      0.10228530E+02
      0.52700000E+00     -0.51908701E+02      0.12498106E+03
      0.52800000E+00     -0.50828473E+02     -0.12165702E+03
      0.52900000E+00     -0.50221525E+02     -0.89101859E+01
      0.53000000E+00     -0.50024601E+02      0.10358105E+03
      0.53100000E+00     -0.50214613E+02     -0.14392479E+03
      0.53200000E+00     -0.50800768E+02     -0.31170650E+02
      0.53300000E+00     -0.51827178E+02      0.82193358E+02
      0.53400000E+00     -0.53386334E+02     -0.16320590E+03
      0.53500000E+00     -0.55645400E+02     -0.45965558E+02
      0.53600000E+00     -0.58838945E+02      0.77791880E+02
      0.53700000E+00     -0.62500748E+02     -0.14060427E+03
      0.53800000E+00     -0.62190776E+02      0.19439745E+02
      0.53900000E+00     -0.58525855E+02      0.15810786E+03
      0.54000000E+00     -0.55517027E+02     -0.79226923E+02
      0.54100000E+00     -0.53410544E+02      0.37649994E+02
      0.54200000E+00     -0.51968081E+02      0.15214604E+03
      0.54300000E+00     -0.51028086E+02     -0.94478775E+02
      0.54400000E+00     -0.50498766E+02      0.18348685E+02
      0.54500000E+00     -0.50332099E+02      0.13095011E+03
      0.54600000E+00     -0.50510068E+02     -0.11644274E+03
      0.54700000E+00     -0.51039761E+02     -0.36038092E+01
      0.54800000E+00     -0.51955101E+02      0.10976539E+03
      0.54900000E+00     -0.53325479E+02     -0.13583119E+03
      0.55000000E+00     -0.55271807E+02     -0.19358447E+02
      0.55100000E+00     -0.57967887E+02      0.10172714E+03
      0.55200000E+00     -0.61344114E+02     -0.12560103E+03
      0.55300000E+00     -0.62992709E+02      0.27478974E+02
      0.55400000E+00     -0.60358432E+02      0.17467948E+03
      0.55500000E+00     -0.57190867E+02     -0.57437268E+02
      0.55600000E+00     -0.54810708E+02      0.61804774E+02
      0.55700000E+00     -0.53115429E+02      0.17752212E+03
      0.55800000E+00     -0.51939191E+02     -0.68400280E+02
      0.55900000E+00     -0.51174534E+02      0.44845218E+02
      0.56000000E+00     -0.50758539E+02      0.15767084E+03
      0.56100000E+00     -0.50657944E+02     -0.89669404E+02
      0.56200000E+00     -0.50861248E+02      0.23021439E+02
      0.56300000E+00     -0.51376051E+02      0.13594359E+03
      0.56400000E+00     -0.52230588E+02     -0.11063849E+03
      0.56500000E+00     -0.53479555E+02      0.37067443E+01
      0.56600000E+00     -0.55213690E+02      0.11981277E+03
      0.56700000E+00     -0.57558093E+02     -0.12045052E+03
      0.56800000E+00     -0.60517209E+02      0.75601506E+01
      0.56900000E+00     -0.62852541E+02      0.15190721E+03
      0.57000000E+00     -0.61646068E+02     -0.58510264E+02
      0.57100000E+00     -0.58698120E+02      0.74559948E+02
      0.57200000E+00     -0.56178153E+02     -0.16347147E+03
      0.57300000E+00     -0.54299402E+02     -0.46331495E+02
      0.57400000E+00     -0.52938399E+02      0.68559573E+02
      0.57500000E+00     -0.51986155E+02     -0.17770431E+03
      0.57600000E+00     -0.51371696E+02     -0.64590129E+02
      0.57700000E+00     -0.51052306E+02      0.48203641E+02
      0.57800000E+00     -0.51005295E+02      0.16087918E+03
      0.57900000E+00     -0.51223585E+02     -0.86396434E+02
      0.58000000E+00     -0.51714316E+02      0.26551808E+02
      0.58100000E+00     -0.52499990E+02      0.13995326E+03
      0.58200000E+00     -0.53622084E+02     -0.10583210E+03
      0.58300000E+00     -0.55146210E+02      0.98480424E+01
      0.58400000E+00     -0.57159249E+02      0.12833154E+03
      0.58500000E+00     -0.59690609E+02     -0.10738326E+03
      0.58600000E+00     -0.62191305E+02      0.28493944E+02
      0.58700000E+00     -0.62520586E+02      0.17531072E+03
      0.58800000E+00     -0.60288308E+02     -0.46168064E+02
      0.58900000E+00     -0.57755933E+02      0.79731524E+02
      0.59000000E+00     -0.55710500E+02     -0.16101554E+03
      0.59100000E+00     -0.54161255E+02     -0.44941238E+02
      0.59200000E+00     -0.53018102E+02      0.69494929E+02
      0.59300000E+00     -0.52207297E+02     -0.17697297E+03
      0.59400000E+00     -0.51679119E+02     -0.63952256E+02
      0.59500000E+00     -0.51402479E+02      0.48795563E+02
      0.59600000E+00     -0.51360221E+02      0.16143844E+03
      0.59700000E+00     -0.51546427E+02     -0.85881918E+02
      0.59800000E+00     -0.51965449E+02      0.26981023E+02
      0.59900000E+00     -0.52632407E+02      0.14021102E+03
      0.60000000E+00     -0.53574994E+02     -0.10592183E+03
      0.60100000E+00     -0.54835937E+02      0.90324872E+01
      0.60200000E+00     -0.56471857E+02      0.12590596E+03
      0.60300000E+00     -0.58525174E+02     -0.11363292E+03
      0.60400000E+00     -0.60855245E+02      0.13719711E+02
      0.60500000E+00     -0.62537368E+02      0.15170951E+03
      0.60600000E+00     -0.61992638E+02     -0.66259204E+02
      0.60700000E+00     -0.59879406E+02      0.66525182E+02
      0.60800000E+00     -0.57703475E+02     -0.16991751E+03
      0.60900000E+00     -0.55912570E+02     -0.51445813E+02
      0.61000000E+00     -0.54517931E+02      0.64370950E+02
      0.61100000E+00     -0.53460194E+02      0.17872401E+03
      0.61200000E+00     -0.52685428E+02     -0.67773852E+02
      0.61300000E+00     -0.52154584E+02      0.45222189E+02
      0.61400000E+00     -0.51841564E+02      0.15792703E+03
      0.61500000E+00     -0.51730435E+02     -0.89508565E+02
      0.61600000E+00     -0.51813505E+02      0.23037526E+02
      0.61700000E+00     -0.52090345E+02      0.13568213E+03
      0.61800000E+00     -0.52567638E+02     -0.11144240E+03
      0.61900000E+00     -0.53259726E+02      0.18379068E+01
      0.62000000E+00     -0.54189600E+02      0.11578045E+03
      0.62100000E+00     -0.55389241E+02     -0.12919608E+03
      0.62200000E+00     -0.56894679E+02     -0.12356339E+02
      0.62300000E+00     -0.58716476E+02      0.10765632E+03
      0.62400000E+00     -0.60714507E+02     -0.12677655E+03
      0.62500000E+00     -0.62248843E+02      0.68180872E+01
      0.62600000E+00     -0.62203941E+02      0.14493224E+03
      0.62700000E+00     -0.60658451E+02     -0.82199038E+02
      0.62800000E+00     -0.58733529E+02      0.42739095E+02
      0.62900000E+00     -0.57006178E+02      0.16236698E+03
      0.63000000E+00     -0.55590948E+02     -0.81031052E+02
      0.63100000E+00     -0.54470134E+02      0.33828293E+02
      0.63200000E+00     -0.53605069E+02      0.14764099E+03
      0.63300000E+00     -0.52961660E+02     -0.99196079E+02
      0.63400000E+00     -0.52514288E+02      0.13560390E+02
      0.63500000E+00     -0.52245063E+02      0.12607254E+03
      0.63600000E+00     -0.52142504E+02     -0.12154037E+03
      0.63700000E+00     -0.52200509E+02     -0.91795493E+01
      0.63800000E+00     -0.52417768E+02      0.10324869E+03
      0.63900000E+00     -0.52797560E+02     -0.14415350E+03
      0.64000000E+00     -0.53347867E+02     -0.31259927E+02
      0.64100000E+00     -0.54081649E+02      0.82102195E+02
      0.64200000E+00     -0.55016793E+02     -0.16381060E+03
      0.64300000E+00     -0.56174161E+02     -0.48592127E+02
      0.64400000E+00     -0.57568536E+02      0.68431323E+02
      0.64500000E+00     -0.59175989E+02     -0.17161427E+03
      0.64600000E+00     -0.60834983E+02     -0.47054527E+02
      0.64700000E+00     -0.62058071E+02      0.83359005E+02
      0.64800000E+00     -0.62139482E+02     -0.14292017E+03
      0.64900000E+00     -0.61046503E+02     -0.12177970E+02
      0.65000000E+00     -0.59471753E+02      0.11270164E+03
      0.65100000E+00     -0.57925840E+02     -0.12715267E+03
      0.65200000E+00     -0.56583132E+02     -0.10043784E+02
      0.65300000E+00     -0.55470477E+02      0.10518822E+03
      0.65400000E+00     -0.54572174E+02     -0.14076204E+03
      0.65500000E+00     -0.53865100E+02     -0.27477873E+02
      0.65600000E+00     -0.53328466E+02      0.85301197E+02
      0.65700000E+00     -0.52945871E+02     -0.16225268E+03
      0.65800000E+00     -0.52705229E+02     -0.50018004E+02
      0.65900000E+00     -0.52598236E+02      0.62097964E+02
      0.66000000E+00     -0.52619884E+02      0.17417286E+03
      0.66100000E+00     -0.52768102E+02     -0.73721080E+02
      0.66200000E+00     -0.53043574E+02      0.38491189E+02
      0.66300000E+00     -0.53449664E+02      0.15089608E+03
      0.66400000E+00     -0.53992396E+02     -0.96397735E+02
      0.66500000E+00     -0.54680308E+02      0.16756379E+02
      0.66600000E+00     -0.55523723E+02      0.13056760E+03
      0.66700000E+00     -0.56532271E+02     -0.11465304E+03
      0.66800000E+00     -0.57707583E+02      0.15681837E+01
      0.66900000E+00     -0.59023607E+02      0.11994368E+03
      0.67000000E+00     -0.60379792E+02     -0.11856639E+03
      0.67100000E+00     -0.61522650E+02      0.68511519E+01
      0.67200000E+00     -0.62042889E+02      0.13555151E+03
      0.67300000E+00     -0.61685101E+02     -0.95572580E+02
      0.67400000E+00     -0.60664202E+02      0.30198784E+02
      0.67500000E+00     -0.59392608E+02      0.15199090E+03
      0.67600000E+00     -0.58140726E+02     -0.89451835E+02
      0.67700000E+00     -0.57018816E+02      0.26844483E+02
      0.67800000E+00     -0.56055973E+02      0.14161760E+03
      0.67900000E+00     -0.55250398E+02     -0.10464035E+03
      0.68000000E+00     -0.54590909E+02      0.83924715E+01
      0.68100000E+00     -0.54064953E+02      0.12093042E+03
      0.68200000E+00     -0.53661292E+02     -0.12687883E+03
      0.68300000E+00     -0.53370732E+02     -0.14929025E+02
      0.68400000E+00     -0.53186159E+02      0.96860267E+02
      0.68500000E+00     -0.53102381E+02     -0.15144623E+03
      0.68600000E+00     -0.53115936E+02     -0.39792636E+02
      0.68700000E+00     -0.53224934E+02      0.71873236E+02
      0.68800000E+00     -0.53428931E+02     -0.17639572E+03
      0.68900000E+00     -0.53728838E+02     -0.64541542E+02
      0.69000000E+00     -0.54126828E+02      0.47503783E+02
      0.69100000E+00     -0.54626169E+02      0.15982475E+03
      0.69200000E+00     -0.55230864E+02     -0.87468850E+02
      0.69300000E+00     -0.55944811E+02      0.25770576E+02
      0.69400000E+00     -0.56769892E+02      0.13974597E+03
      0.69500000E+00     -0.57701799E+02     -0.10526177E+03
      0.69600000E+00     -0.58721278E+02      0.11127712E+02
      0.69700000E+00     -0.59777456E+02      0.12938703E+03
      0.69800000E+00     -0.60762675E+02     -0.11003312E+03
      0.69900000E+00     -0.61496976E+02      0.12946699E+02
      0.70000000E+00     -0.61777628E+02      0.13751300E+03
      0.70100000E+00     -0.61517486E+02     -0.98057004E+02
      0.70200000E+00     -0.60825353E+02      0.24591954E+02
      0.70300000E+00     -0.59906442E+02      0.14478173E+03
      0.70400000E+00     -0.58931050E+02     -0.97331864E+02
      0.70500000E+00     -0.57996946E+02      0.18717618E+02
      0.70600000E+00     -0.57148435E+02      0.13339330E+03
      0.70700000E+00     -0.56400779E+02     -0.11293883E+03
      0.70800000E+00     -0.55755661E+02     -0.10534441E-01
      0.70900000E+00     -0.55209149E+02      0.11237101E+03
      0.71000000E+00     -0.54755444E+02     -0.13565487E+03
      0.71100000E+00     -0.54388564E+02     -0.23985724E+02
      0.71200000E+00     -0.54103044E+02      0.87455691E+02
      0.71300000E+00     -0.53894192E+02     -0.16127061E+03
      0.71400000E+00     -0.53758151E+02     -0.50116249E+02
      0.71500000E+00     -0.53691875E+02      0.60959457E+02
      0.71600000E+00     -0.53693074E+02      0.17199246E+03
      0.71700000E+00     -0.53760157E+02     -0.76983682E+02
      0.71800000E+00     -0.53892162E+02      0.34064138E+02
      0.71900000E+00     -0.54088688E+02      0.14517047E+03
      0.72000000E+00     -0.54349814E+02     -0.10362681E+03
      0.72100000E+00     -0.54675988E+02      0.77155503E+01
      0.72200000E+00     -0.55068188E+02      0.11924566E+03
      0.72300000E+00     -0.55526972E+02     -0.12897209E+03
      0.72400000E+00     -0.56052550E+02     -0.16860943E+02
      0.72500000E+00     -0.56643921E+02      0.95674857E+02
      0.72600000E+00     -0.57297620E+02     -0.15124512E+03
      0.72700000E+00     -0.58005623E+02     -0.37473696E+02
      0.72800000E+00     -0.58752041E+02      0.77163086E+02
      0.72900000E+00     -0.59508384E+02     -0.16714726E+03
      0.73000000E+00     -0.60228162E+02     -0.50243160E+02
      0.73100000E+00     -0.60844258E+02      0.67930295E+02
      0.73200000E+00     -0.61276304E+02     -0.17279267E+03
      0.73300000E+00     -0.61454490E+02     -0.52876019E+02
      0.73400000E+00     -0.61351813E+02      0.66991435E+02
      0.73500000E+00     -0.60998956E+02     -0.17386730E+03
      0.73600000E+00     -0.60466780E+02     -0.55890593E+02
      0.73700000E+00     -0.59833970E+02      0.60778080E+02
      0.73800000E+00     -0.59164738E+02      0.17620474E+03
      0.73900000E+00     -0.58502744E+02     -0.69447582E+02
      0.74000000E+00     -0.57874212E+02      0.44004796E+02
      0.74100000E+00     -0.57293343E+02      0.15673012E+03
      0.74200000E+00     -0.56766897E+02     -0.91130209E+02
      0.74300000E+00     -0.56297320E+02      0.20538431E+02
      0.74400000E+00     -0.55884689E+02      0.13182793E+03
      0.74500000E+00     -0.55527836E+02     -0.11718780E+03
      0.74600000E+00     -0.55224979E+02     -0.64485935E+01
      0.74700000E+00     -0.54974059E+02      0.10409528E+03
      0.74800000E+00     -0.54772912E+02     -0.14551431E+03
      0.74900000E+00     -0.54619343E+02     -0.35241538E+02
      0.75000000E+00     -0.54511163E+02      0.74944661E+02
      0.75100000E+00     -0.54446197E+02     -0.17492847E+03
      0.75200000E+00     -0.54422295E+02     -0.64836905E+02
      0.75300000E+00     -0.54437344E+02      0.45240613E+02
      0.75400000E+00     -0.54489287E+02      0.15532291E+03
      0.75500000E+00     -0.54576156E+02     -0.94573317E+02
      0.75600000E+00     -0.54696103E+02      0.15566844E+02
      0.75700000E+00     -0.54847441E+02      0.12575690E+03
      0.75800000E+00     -0.55028678E+02     -0.12399054E+03
      0.75900000E+00     -0.55238539E+02     -0.13663167E+02
      0.76000000E+00     -0.55475975E+02      0.96751751E+02
      0.76100000E+00     -0.55740138E+02     -0.15273176E+03
      0.76200000E+00     -0.56030327E+02     -0.42097463E+02
      0.76300000E+00     -0.56345880E+02      0.68674131E+02
      0.76400000E+00     -0.56686010E+02      0.17960676E+03
      0.76500000E+00     -0.57049560E+02     -0.69270663E+02
      0.76600000E+00     -0.57434667E+02      0.42076680E+02
      0.76700000E+00     -0.57838301E+02      0.15368963E+03
      0.76800000E+00     -0.58255691E+02     -0.94385692E+02
      0.76900000E+00     -0.58679624E+02      0.17899659E+02
      0.77000000E+00     -0.59099723E+02      0.13059256E+03
      0.77100000E+00     -0.59501862E+02     -0.11627057E+03
      0.77200000E+00     -0.59868090E+02     -0.26759870E+01
      0.77300000E+00     -0.60177541E+02      0.11135248E+03
      0.77400000E+00     -0.60408790E+02     -0.13426005E+03
      0.77500000E+00     -0.60543625E+02     -0.19644690E+02
      0.77600000E+00     -0.60571329E+02      0.95021433E+02
      0.77700000E+00     -0.60491745E+02     -0.15045819E+03
      0.77800000E+00     -0.60315573E+02     -0.36264488E+02
      0.77900000E+00     -0.60061712E+02      0.77466714E+02
      0.78000000E+00     -0.59752963E+02     -0.16934152E+03
      0.78100000E+00     -0.59411907E+02     -0.56709895E+02
      0.78200000E+00     -0.59058098E+02      0.55384104E+02
      0.78300000E+00     -0.58706777E+02      0.16699024E+03
      0.78400000E+00     -0.58368741E+02     -0.81828508E+02
      0.78500000E+00     -0.58050838E+02      0.28993693E+02
      0.78600000E+00     -0.57756734E+02      0.13951892E+03
      0.78700000E+00     -0.57487697E+02     -0.11019827E+03
      0.78800000E+00     -0.57243314E+02     -0.11258812E+00
      0.78900000E+00     -0.57022086E+02      0.10981168E+03
      0.79000000E+00     -0.56821917E+02     -0.14039884E+03
      0.79100000E+00     -0.56640475E+02     -0.30725605E+02
      0.79200000E+00     -0.56475468E+02      0.78843233E+02
      0.79300000E+00     -0.56324828E+02     -0.17168579E+03
      0.79400000E+00     -0.56186820E+02     -0.62310044E+02
      0.79500000E+00     -0.56060104E+02      0.46970491E+02
      0.79600000E+00     -0.55943743E+02      0.15615431E+03
      0.79700000E+00     -0.55837181E+02     -0.94760677E+02
      0.79800000E+00     -0.55740207E+02      0.14223512E+02
      0.79900000E+00     -0.55652892E+02      0.12310549E+03
      0.80000000E+00     -0.55575534E+02     -0.12811517E+03
      0.80100000E+00     -0.55508592E+02     -0.19437740E+02
      0.80200000E+00     -0.55452629E+02      0.89139768E+02
      0.80300000E+00     -0.55408256E+02     -0.16237940E+03
      0.80400000E+00     -0.55376086E+02     -0.53990795E+02
      0.80500000E+00     -0.55356693E+02      0.54311125E+02
      0.80600000E+00     -0.55350575E+02      0.16253287E+03
      0.80700000E+00     -0.55358711E+02     -0.89319186E+02
      0.80800000E+00     -0.55381635E+02      0.18763686E+02
      0.80900000E+00     -0.55418358E+02      0.12679203E+03
      0.81000000E+00     -0.55468781E+02     -0.12522581E+03
      0.81100000E+00     -0.55532663E+02     -0.17281445E+02
      0.81200000E+00     -0.55609620E+02      0.90633368E+02
      0.81300000E+00     -0.55699126E+02     -0.16147336E+03
      0.81400000E+00     -0.55800522E+02     -0.53593990E+02
      0.81500000E+00     -0.55913016E+02      0.54278601E+02
      0.81600000E+00     -0.56035696E+02      0.16215093E+03
      0.81700000E+00     -0.56167543E+02     -0.89971206E+02
      0.81800000E+00     -0.56307442E+02      0.17917176E+02
      0.81900000E+00     -0.56454198E+02      0.12582016E+03
      0.82000000E+00     -0.56606554E+02     -0.12625914E+03
      0.82100000E+00     -0.56763213E+02     -0.18318607E+02
      0.82200000E+00     -0.56922856E+02      0.89642797E+02
      0.82300000E+00     -0.57084164E+02     -0.16237493E+03
      0.82400000E+00     -0.57245846E+02     -0.54372852E+02
      0.82500000E+00     -0.57406655E+02      0.53646971E+02
      0.82600000E+00     -0.57565421E+02      0.16168153E+03
      0.82700000E+00     -0.57721064E+02     -0.90273046E+02
      0.82800000E+00     -0.57872618E+02      0.17778672E+02
      0.82900000E+00     -0.58019247E+02      0.12583152E+03
      0.83000000E+00     -0.58160259E+02     -0.12612007E+03
      0.83100000E+00     -0.58295108E+02     -0.18081897E+02
      0.83200000E+00     -0.58423400E+02      0.89940188E+02
      0.83300000E+00     -0.58544885E+02     -0.16205954E+03
      0.83400000E+00     -0.58659448E+02     -0.54086527E+02
      0.83500000E+00     -0.58767094E+02      0.53854186E+02
      0.83600000E+00     -0.58867927E+02      0.16175805E+03
      0.83700000E+00     -0.58962131E+02     -0.90378925E+02
      0.83800000E+00     -0.59049949E+02      0.17439814E+02
      0.83900000E+00     -0.59131659E+02      0.12521136E+03
      0.84000000E+00     -0.59207562E+02     -0.12706670E+03
      0.84100000E+00     -0.59277961E+02     -0.19396399E+02
      0.84200000E+00     -0.59343156E+02      0.88220543E+02
      0.84300000E+00     -0.59403433E+02     -0.16421739E+03
      0.84400000E+00     -0.59459068E+02     -0.56711594E+02
      0.84500000E+00     -0.59510325E+02      0.50736530E+02
      0.84600000E+00     -0.59557461E+02      0.15812554E+03
      0.84700000E+00     -0.59600738E+02     -0.94546112E+02
      0.84800000E+00     -0.59640429E+02      0.12719869E+02
      0.84900000E+00     -0.59676828E+02      0.11992163E+03
      0.85000000E+00     -0.59710262E+02     -0.13294284E+03
      0.85100000E+00     -0.59741093E+02     -0.25875693E+02
      0.85200000E+00     -0.59769733E+02      0.81120836E+02
      0.85300000E+00     -0.59796642E+02     -0.17195557E+03
      0.85400000E+00     -0.59822329E+02     -0.65107233E+02
      0.85500000E+00     -0.59847357E+02      0.41663522E+02
      0.85600000E+00     -0.59872338E+02      0.14835444E+03
      0.85700000E+00     -0.59897928E+02     -0.10503668E+03
      0.85800000E+00     -0.59924823E+02      0.14880963E+01
      0.85900000E+00     -0.59953755E+02      0.10792677E+03
      0.86000000E+00     -0.59985483E+02     -0.14572252E+03
      0.86100000E+00     -0.60020789E+02     -0.39461559E+02
      0.86200000E+00     -0.60060471E+02      0.66707985E+02
      0.86300000E+00     -0.60105339E+02      0.17278451E+03
      0.86400000E+00     -0.60156209E+02     -0.81233502E+02
      0.86500000E+00     -0.60213898E+02      0.24652463E+02
      0.86600000E+00     -0.60279222E+02      0.13044098E+03
      0.86700000E+00     -0.60352988E+02     -0.12386935E+03
      0.86800000E+00     -0.60435996E+02     -0.18279878E+02
      0.86900000E+00     -0.60529028E+02      0.87208050E+02
      0.87000000E+00     -0.60632853E+02     -0.16740687E+03
      0.87100000E+00     -0.60748213E+02     -0.62125896E+02
      0.87200000E+00     -0.60875829E+02      0.43049729E+02
      0.87300000E+00     -0.61016391E+02      0.14811882E+03
      0.87400000E+00     -0.61170561E+02     -0.10691975E+03
      0.87500000E+00     -0.61338963E+02     -0.20670710E+01
      0.87600000E+00     -0.61522189E+02      0.10267586E+03
      0.87700000E+00     -0.61720792E+02     -0.15269190E+03
      0.87800000E+00     -0.61935289E+02     -0.48171207E+02
      0.87900000E+00     -0.62166165E+02      0.56237156E+02
      0.88000000E+00     -0.62413868E+02      0.16053249E+03
      0.88100000E+00     -0.62678818E+02     -0.95285807E+02
      0.88200000E+00     -0.62961407E+02      0.87817214E+01
      0.88300000E+00     -0.63262006E+02      0.11273462E+03
      0.88400000E+00     -0.63580966E+02     -0.14342749E+03
      0.88500000E+00     -0.63918624E+02     -0.39704946E+02
      0.88600000E+00     -0.64275307E+02      0.63901976E+02
      0.88700000E+00     -0.64651334E+02      0.16739303E+03
      0.88800000E+00     -0.65047020E+02     -0.89231998E+02
      0.88900000E+00     -0.65462676E+02      0.14026677E+02
      0.89000000E+00     -0.65898613E+02      0.11716885E+03
      0.89100000E+00     -0.66355143E+02     -0.13980571E+03
      0.89200000E+00     -0.66832576E+02     -0.36897232E+02
      0.89300000E+00     -0.67331224E+02      0.65894012E+02
      0.89400000E+00     -0.67851397E+02      0.16856772E+03
      0.89500000E+00     -0.68393407E+02     -0.88876425E+02
      0.89600000E+00     -0.68957563E+02      0.13561197E+02
      0.89700000E+00     -0.69544171E+02      0.11588019E+03
      0.89800000E+00     -0.70153538E+02     -0.14191987E+03
      0.89900000E+00     -0.70785965E+02     -0.39839448E+02
      0.90000000E+00     -0.71441750E+02      0.62120970E+02
      0.90100000E+00     -0.72121189E+02      0.16396088E+03
      0.90200000E+00     -0.72824571E+02     -0.94320253E+02
      0.90300000E+00     -0.73552183E+02      0.72770395E+01
      0.90400000E+00     -0.74304308E+02      0.10875220E+03
      0.90500000E+00     -0.75081223E+02     -0.14989532E+03
      0.90600000E+00     -0.75883201E+02     -0.48666105E+02
      0.90700000E+00     -0.76710513E+02      0.52439295E+02
      0.90800000E+00     -0.77563422E+02      0.15342031E+03
      0.90900000E+00     -0.78442192E+02     -0.10572362E+03
      0.91000000E+00     -0.79347080E+02     -0.49930630E+01
      0.91100000E+00     -0.80278340E+02      0.95611438E+02
      0.91200000E+00     -0.81236223E+02     -0.16391067E+03
      0.91300000E+00     -0.82220978E+02     -0.63559914E+02
      0.91400000E+00     -0.83232850E+02      0.36663166E+02
      0.91500000E+00     -0.84272082E+02      0.13675805E+03
      0.91600000E+00     -0.85338913E+02     -0.12327576E+03
      0.91700000E+00     -0.86433581E+02     -0.23438786E+02
      0.91800000E+00     -0.87556322E+02      0.76268496E+02
      0.91900000E+00     -0.88707369E+02      0.17584560E+03
      0.92000000E+00     -0.89886954E+02     -0.84707940E+02
      0.92100000E+00     -0.91095305E+02      0.14607407E+02
      0.92200000E+00     -0.92332652E+02      0.11379119E+03
      0.92300000E+00     -0.93599220E+02     -0.14715703E+03
      0.92400000E+00     -0.94895235E+02     -0.48237684E+02
      0.92500000E+00     -0.96220920E+02      0.50548796E+02
      0.92600000E+00     -0.97576498E+02      0.14920199E+03
      0.92700000E+00     -0.98962188E+02     -0.11227849E+03
      0.92800000E+00     -0.10037821E+03     -0.13893072E+02
      0.92900000E+00     -0.10182479E+03      0.84357868E+02
      0.93000000E+00     -0.10330213E+03     -0.17752606E+03
      0.93100000E+00     -0.10481047E+03     -0.79545233E+02
      0.93200000E+00     -0.10635000E+03      0.18299973E+02
      0.93300000E+00     -0.10792095E+03      0.11600919E+03
      0.93400000E+00     -0.10952354E+03     -0.14641793E+03
      0.93500000E+00     -0.11115797E+03     -0.48981761E+02
      0.93600000E+00     -0.11282446E+03      0.48317359E+02
      0.93700000E+00     -0.11452322E+03      0.14547908E+03
      0.93800000E+00     -0.11625446E+03     -0.11749693E+03
      0.93900000E+00     -0.11801839E+03     -0.20611018E+02
      0.94000000E+00     -0.11981523E+03      0.76136490E+02
      0.94100000E+00     -0.12164518E+03      0.17274526E+03
      0.94200000E+00     -0.12350846E+03     -0.90785019E+02
      0.94300000E+00     -0.12540526E+03      0.55453197E+01
      0.94400000E+00     -0.12733581E+03      0.10173596E+03
      0.94500000E+00     -0.12930031E+03     -0.16221341E+03
      0.94600000E+00     -0.13129896E+03     -0.66303103E+02
      0.94700000E+00     -0.13333198E+03      0.29466570E+02
      0.94800000E+00     -0.13539956E+03      0.12509530E+03
      0.94900000E+00     -0.13750193E+03     -0.13941721E+03
      0.95000000E+00     -0.13963928E+03     -0.44071276E+02
      0.95100000E+00     -0.14181182E+03      0.51132810E+02
      0.95200000E+00     -0.14401975E+03      0.14619475E+03
      0.95300000E+00     -0.14626329E+03     -0.11888576E+03
      0.95400000E+00     -0.14854264E+03     -0.24109019E+02
      0.95500000E+00     -0.15085801E+03      0.70524688E+02
      0.95600000E+00     -0.15320959E+03      0.16501506E+03
      0.95700000E+00     -0.15559759E+03     -0.10063819E+03
      0.95800000E+00     -0.15802223E+03     -0.64353502E+01
      0.95900000E+00     -0.16048370E+03      0.87623279E+02
      0.96000000E+00     -0.16298221E+03     -0.17846259E+03
      0.96100000E+00     -0.16551797E+03     -0.84693235E+02
      0.96200000E+00     -0.16809118E+03      0.89310451E+01
      0.96300000E+00     -0.17070204E+03      0.10240997E+03
      0.96400000E+00     -0.17335076E+03     -0.16425676E+03
      0.96500000E+00     -0.17603755E+03     -0.71069408E+02
      0.96600000E+00     -0.17876260E+03      0.21971724E+02
      0.96700000E+00     -0.18152613E+03      0.11486636E+03
      0.96800000E+00     -0.18432834E+03     -0.15238580E+03
      0.96900000E+00     -0.18716943E+03     -0.59785015E+02
      0.97000000E+00     -0.19004961E+03      0.32668415E+02
      0.97100000E+00     -0.19296908E+03      0.12497421E+03
      0.97200000E+00     -0.19592806E+03     -0.14286791E+03
      0.97300000E+00     -0.19892674E+03     -0.50858232E+02
      0.97400000E+00     -0.20196532E+03      0.41002966E+02
      0.97500000E+00     -0.20504403E+03      0.13271540E+03
      0.97600000E+00     -0.20816305E+03     -0.13572121E+03
      0.97700000E+00     -0.21132260E+03     -0.44307147E+02
      0.97800000E+00     -0.21452289E+03      0.46957309E+02
      0.97900000E+00     -0.21776411E+03      0.13807188E+03
      0.98000000E+00     -0.22104647E+03     -0.13096373E+03
      0.98100000E+00     -0.22437019E+03     -0.40149780E+02
      0.98200000E+00     -0.22773546E+03      0.50513436E+02
      0.98300000E+00     -0.23114250E+03      0.14102564E+03
      0.98400000E+00     -0.23459151E+03     -0.12861345E+03
      0.98500000E+00     -0.23808269E+03     -0.38404108E+02
      0.98600000E+00     -0.24161626E+03      0.51653380E+02
      0.98700000E+00     -0.24519242E+03      0.14155873E+03
      0.98800000E+00     -0.24881138E+03     -0.12868832E+03
      0.98900000E+00     -0.25247335E+03     -0.39088072E+02
      0.99000000E+00     -0.25617853E+03      0.50359206E+02
      0.99100000E+00     -0.25992714E+03      0.13965323E+03
      0.99200000E+00     -0.26371938E+03     -0.13120627E+03
      0.99300000E+00     -0.26755546E+03     -0.42219589E+02
      0.99400000E+00     -0.27143558E+03      0.46613004E+02
      0.99500000E+00     -0.27535997E+03      0.13529123E+03
      0.99600000E+00     -0.27932882E+03     -0.13618520E+03
      0.99700000E+00     -0.28334235E+03     -0.47816553E+02
      0.99800000E+00     -0.28740077E+03      0.40396885E+02
      0.99900000E+00     -0.29150428E+03      0.12845484E+03
      0.10000000E+01     -0.29565310E+03     -0.14364298E+03
