    0.5000    0.3459  -21.8372   21.8383   -57.346  -180.000   1   0   0   0   
    0.5000    0.3390  -10.1467   10.1597   -53.838     0.000   0   0   1   0   
    0.5010    0.3465  -21.8161   21.8173   -57.374  -180.000   1   0   0   0   
    0.5010    0.3397  -10.1678   10.1808   -53.855     0.000   0   0   1   0   
    0.5020    0.3471  -21.7952   21.7963   -57.402  -180.000   1   0   0   0   
    0.5020    0.3404  -10.1890   10.2020   -53.872     0.000   0   0   1   0   
    0.5030    0.3478  -21.7744   21.7755   -57.430  -180.000   1   0   0   0   
    0.5030    0.3410  -10.2102   10.2232   -53.888     0.000   0   0   1   0   
    0.5040    0.3484  -21.7537   21.7548   -57.458  -180.000   1   0   0   0   
    0.5040    0.3417  -10.2315   10.2444   -53.905     0.000   0   0   1   0   
    0.5050    0.3490  -21.7331   21.7342   -57.486  -180.000   1   0   0   0   
    0.5050    0.3424  -10.2527   10.2655   -53.922     0.000   0   0   1   0   
    0.5060    0.3497  -21.7126   21.7137   -57.514  -180.000   1   0   0   0   
    0.5060    0.3431  -10.2739   10.2867   -53.938     0.000   0   0   1   0   
    0.5070    0.3503  -21.6922   21.6933   -57.542  -180.000   1   0   0   0   
    0.5070    0.3437  -10.2951   10.3079   -53.955     0.000   0   0   1   0   
    0.5080    0.3509  -21.6719   21.6731   -57.570  -180.000   1   0   0   0   
    0.5080    0.3444  -10.3163   10.3292   -53.971     0.000   0   0   1   0   
    0.5090    0.3516  -21.6518   21.6529   -57.598  -180.000   1   0   0   0   
    0.5090    0.3451  -10.3376   10.3504   -53.988     0.000   0   0   1   0   
    0.5100    0.3522  -21.6317   21.6329   -57.626  -180.000   1   0   0   0   
    0.5100    0.3457  -10.3588   10.3716   -54.004     0.000   0   0   1   0   
    0.5110    0.3528  -21.6118   21.6129   -57.654  -180.000   1   0   0   0   
    0.5110    0.3464  -10.3801   10.3928   -54.021     0.000   0   0   1   0   
    0.5120    0.3535  -21.5920   21.5931   -57.682  -180.000   1   0   0   0   
    0.5120    0.3471  -10.4013   10.4140   -54.037     0.000   0   0   1   0   
    0.5130    0.3541  -21.5723   21.5734   -57.710  -180.000   1   0   0   0   
    0.5130    0.3478  -10.4226   10.4353   -54.053     0.000   0   0   1   0   
    0.5140    0.3547  -21.5527   21.5538   -57.738  -180.000   1   0   0   0   
    0.5140    0.3484  -10.4439   10.4565   -54.069     0.000   0   0   1   0   
    0.5150    0.3554  -21.5332   21.5343   -57.766  -180.000   1   0   0   0   
    0.5150    0.3491  -10.4651   10.4778   -54.086     0.000   0   0   1   0   
    0.5160    0.3560  -21.5138   21.5149   -57.795  -180.000   1   0   0   0   
    0.5160    0.3498  -10.4864   10.4990   -54.102     0.000   0   0   1   0   
    0.5170    0.3566  -21.4945   21.4956   -57.823  -180.000   1   0   0   0   
    0.5170    0.3504  -10.5077   10.5203   -54.118     0.000   0   0   1   0   
    0.5180    0.3573  -21.4754   21.4764   -57.851  -180.000   1   0   0   0   
    0.5180    0.3511  -10.5290   10.5416   -54.134     0.000   0   0   1   0   
    0.5190    0.3579  -21.4563   21.4574   -57.879  -180.000   1   0   0   0   
    0.5190    0.3518  -10.5503   10.5628   -54.150     0.000   0   0   1   0   
    0.5200    0.3585  -21.4374   21.4384   -57.907  -180.000   1   0   0   0   
    0.5200    0.3524  -10.5716   10.5841   -54.166     0.000   0   0   1   0   
    0.5210    0.3592  -21.4185   21.4196   -57.936  -180.000   1   0   0   0   
    0.5210    0.3531  -10.5929   10.6054   -54.182     0.000   0   0   1   0   
    0.5220    0.3598  -21.3997   21.4008   -57.964  -180.000   1   0   0   0   
    0.5220    0.3538  -10.6142   10.6267   -54.198     0.000   0   0   1   0   
    0.5230    0.3605  -21.3811   21.3822   -57.992  -180.000   1   0   0   0   
    0.5230    0.3545  -10.6355   10.6480   -54.214     0.000   0   0   1   0   
    0.5240    0.3611  -21.3626   21.3636   -58.020  -180.000   1   0   0   0   
    0.5240    0.3551  -10.6569   10.6693   -54.230     0.000   0   0   1   0   
    0.5250    0.3617  -21.3441   21.3452   -58.049  -180.000   1   0   0   0   
    0.5250    0.3558  -10.6782   10.6906   -54.246     0.000   0   0   1   0   
    0.5260    0.3624  -21.3258   21.3268   -58.077  -180.000   1   0   0   0   
    0.5260    0.3565  -10.6995   10.7119   -54.262     0.000   0   0   1   0   
    0.5270    0.3630  -21.3076   21.3086   -58.105  -180.000   1   0   0   0   
    0.5270    0.3571  -10.7209   10.7333   -54.278     0.000   0   0   1   0   
    0.5280    0.3636  -21.2894   21.2904   -58.133  -180.000   1   0   0   0   
    0.5280    0.3578  -10.7422   10.7546   -54.294     0.000   0   0   1   0   
    0.5290    0.3643  -21.2714   21.2724   -58.162  -180.000   1   0   0   0   
    0.5290    0.3585  -10.7636   10.7759   -54.310     0.000   0   0   1   0   
    0.5300    0.3649  -21.2534   21.2544   -58.190  -180.000   1   0   0   0   
    0.5300    0.3591  -10.7850   10.7972   -54.325     0.000   0   0   1   0   
    0.5310    0.3655  -21.2356   21.2366   -58.218  -180.000   1   0   0   0   
    0.5310    0.3598  -10.8063   10.8185   -54.341     0.000   0   0   1   0   
    0.5320    0.3662  -21.2178   21.2188   -58.247  -180.000   1   0   0   0   
    0.5320    0.3605  -10.8277   10.8398   -54.357     0.000   0   0   1   0   
    0.5330    0.3668  -21.2001   21.2011   -58.275  -180.000   1   0   0   0   
    0.5330    0.3612  -10.8491   10.8611   -54.372     0.000   0   0   1   0   
    0.5340    0.3674  -21.1826   21.1836   -58.304  -180.000   1   0   0   0   
    0.5340    0.3618  -10.8705   10.8825   -54.388     0.000   0   0   1   0   
    0.5350    0.3681  -21.1651   21.1661   -58.332  -180.000   1   0   0   0   
    0.5350    0.3625  -10.8919   10.9038   -54.404     0.000   0   0   1   0   
    0.5360    0.3687  -21.1477   21.1487   -58.361  -180.000   1   0   0   0   
    0.5360    0.3632  -10.9133   10.9251   -54.419     0.000   0   0   1   0   
    0.5370    0.3693  -21.1305   21.1314   -58.389  -180.000   1   0   0   0   
    0.5370    0.3638  -10.9347   10.9465   -54.435     0.000   0   0   1   0   
    0.5380    0.3700  -21.1133   21.1142   -58.417  -180.000   1   0   0   0   
    0.5380    0.3645  -10.9561   10.9678   -54.450     0.000   0   0   1   0   
    0.5390    0.3706  -21.0962   21.0972   -58.446  -180.000   1   0   0   0   
    0.5390    0.3652  -10.9775   10.9892   -54.466     0.000   0   0   1   0   
    0.5400    0.3713  -21.0792   21.0802   -58.475  -180.000   1   0   0   0   
    0.5400    0.3658  -10.9990   11.0106   -54.481     0.000   0   0   1   0   
    0.5410    0.3719  -21.0624   21.0633   -58.503  -180.000   1   0   0   0   
    0.5410    0.3665  -11.0204   11.0319   -54.496     0.000   0   0   1   0   
    0.5420    0.3725  -21.0456   21.0465   -58.532  -180.000   1   0   0   0   
    0.5420    0.3672  -11.0418   11.0533   -54.512     0.000   0   0   1   0   
    0.5430    0.3732  -21.0289   21.0298   -58.560  -180.000   1   0   0   0   
    0.5430    0.3678  -11.0633   11.0747   -54.527     0.000   0   0   1   0   
    0.5440    0.3738  -21.0123   21.0131   -58.589  -180.000   1   0   0   0   
    0.5440    0.3685  -11.0847   11.0961   -54.542     0.000   0   0   1   0   
    0.5450    0.3744  -20.9957   20.9966   -58.617  -180.000   1   0   0   0   
    0.5450    0.3692  -11.1062   11.1175   -54.558     0.000   0   0   1   0   
    0.5460    0.3751  -20.9793   20.9802   -58.646  -180.000   1   0   0   0   
    0.5460    0.3699  -11.1277   11.1389   -54.573     0.000   0   0   1   0   
    0.5470    0.3757  -20.9630   20.9639   -58.675  -180.000   1   0   0   0   
    0.5470    0.3705  -11.1492   11.1603   -54.588     0.000   0   0   1   0   
    0.5480    0.3763  -20.9467   20.9476   -58.703  -180.000   1   0   0   0   
    0.5480    0.3712  -11.1706   11.1817   -54.603     0.000   0   0   1   0   
    0.5490    0.3770  -20.9306   20.9315   -58.732  -180.000   1   0   0   0   
    0.5490    0.3719  -11.1921   11.2032   -54.618     0.000   0   0   1   0   
    0.5500    0.3776  -20.9145   20.9154   -58.761  -180.000   1   0   0   0   
    0.5500    0.3725  -11.2136   11.2246   -54.633     0.000   0   0   1   0   
    0.5510    0.3783  -20.8986   20.8994   -58.790  -180.000   1   0   0   0   
    0.5510    0.3732  -11.2351   11.2460   -54.648     0.000   0   0   1   0   
    0.5520    0.3789  -20.8827   20.8835   -58.818  -180.000   1   0   0   0   
    0.5520    0.3739  -11.2566   11.2675   -54.664     0.000   0   0   1   0   
    0.5530    0.3795  -20.8669   20.8677   -58.847  -180.000   1   0   0   0   
    0.5530    0.3745  -11.2781   11.2890   -54.679     0.000   0   0   1   0   
    0.5540    0.3802  -20.8512   20.8520   -58.876  -180.000   1   0   0   0   
    0.5540    0.3752  -11.2997   11.3104   -54.694     0.000   0   0   1   0   
    0.5550    0.3808  -20.8356   20.8364   -58.905  -180.000   1   0   0   0   
    0.5550    0.3759  -11.3212   11.3319   -54.708     0.000   0   0   1   0   
    0.5560    0.3814  -20.8201   20.8209   -58.934  -180.000   1   0   0   0   
    0.5560    0.3765  -11.3427   11.3534   -54.723     0.000   0   0   1   0   
    0.5570    0.3821  -20.8046   20.8055   -58.963  -180.000   1   0   0   0   
    0.5570    0.3772  -11.3643   11.3749   -54.738     0.000   0   0   1   0   
    0.5580    0.3827  -20.7893   20.7901   -58.992  -180.000   1   0   0   0   
    0.5580    0.3779  -11.3858   11.3964   -54.753     0.000   0   0   1   0   
    0.5590    0.3833  -20.7740   20.7748   -59.020  -180.000   1   0   0   0   
    0.5590    0.3785  -11.4074   11.4179   -54.768     0.000   0   0   1   0   
    0.5600    0.3840  -20.7589   20.7596   -59.049  -180.000   1   0   0   0   
    0.5600    0.3792  -11.4289   11.4394   -54.783     0.000   0   0   1   0   
    0.5610    0.3846  -20.7438   20.7446   -59.078  -180.000   1   0   0   0   
    0.5610    0.3799  -11.4505   11.4609   -54.798     0.000   0   0   1   0   
    0.5620    0.3853  -20.7288   20.7295   -59.107  -180.000   1   0   0   0   
    0.5620    0.3805  -11.4721   11.4824   -54.812     0.000   0   0   1   0   
    0.5630    0.3859  -20.7139   20.7146   -59.136  -180.000   1   0   0   0   
    0.5630    0.3812  -11.4937   11.5039   -54.827     0.000   0   0   1   0   
    0.5640    0.3865  -20.6990   20.6998   -59.166  -180.000   1   0   0   0   
    0.5640    0.3819  -11.5152   11.5255   -54.842     0.000   0   0   1   0   
    0.5650    0.3872  -20.6843   20.6850   -59.195  -180.000   1   0   0   0   
    0.5650    0.3825  -11.5368   11.5470   -54.856     0.000   0   0   1   0   
    0.5660    0.3878  -20.6696   20.6703   -59.224  -180.000   1   0   0   0   
    0.5660    0.3832  -11.5584   11.5686   -54.871     0.000   0   0   1   0   
    0.5670    0.3884  -20.6550   20.6558   -59.253  -180.000   1   0   0   0   
    0.5670    0.3839  -11.5801   11.5901   -54.886     0.000   0   0   1   0   
    0.5680    0.3891  -20.6405   20.6413   -59.282  -180.000   1   0   0   0   
    0.5680    0.3846  -11.6017   11.6117   -54.900     0.000   0   0   1   0   
    0.5690    0.3897  -20.6261   20.6268   -59.311  -180.000   1   0   0   0   
    0.5690    0.3852  -11.6233   11.6333   -54.915     0.000   0   0   1   0   
    0.5700    0.3904  -20.6118   20.6125   -59.340  -180.000   1   0   0   0   
    0.5700    0.3859  -11.6449   11.6548   -54.929     0.000   0   0   1   0   
    0.5710    0.3910  -20.5975   20.5982   -59.370  -180.000   1   0   0   0   
    0.5710    0.3866  -11.6666   11.6764   -54.944     0.000   0   0   1   0   
    0.5720    0.3916  -20.5834   20.5841   -59.399  -180.000   1   0   0   0   
    0.5720    0.3872  -11.6882   11.6980   -54.958     0.000   0   0   1   0   
    0.5730    0.3923  -20.5693   20.5700   -59.428  -180.000   1   0   0   0   
    0.5730    0.3879  -11.7099   11.7196   -54.973     0.000   0   0   1   0   
    0.5740    0.3929  -20.5553   20.5559   -59.458  -180.000   1   0   0   0   
    0.5740    0.3886  -11.7315   11.7412   -54.987     0.000   0   0   1   0   
    0.5750    0.3936  -20.5413   20.5420   -59.487  -180.000   1   0   0   0   
    0.5750    0.3892  -11.7532   11.7629   -55.001     0.000   0   0   1   0   
    0.5760    0.3942  -20.5275   20.5282   -59.516  -180.000   1   0   0   0   
    0.5760    0.3899  -11.7749   11.7845   -55.016     0.000   0   0   1   0   
    0.5770    0.3948  -20.5137   20.5144   -59.546  -180.000   1   0   0   0   
    0.5770    0.3906  -11.7965   11.8061   -55.030     0.000   0   0   1   0   
    0.5780    0.3955  -20.5000   20.5007   -59.575  -180.000   1   0   0   0   
    0.5780    0.3912  -11.8182   11.8277   -55.044     0.000   0   0   1   0   
    0.5790    0.3961  -20.4864   20.4871   -59.605  -180.000   1   0   0   0   
    0.5790    0.3919  -11.8399   11.8494   -55.059     0.000   0   0   1   0   
    0.5800    0.3967  -20.4729   20.4735   -59.634  -180.000   1   0   0   0   
    0.5800    0.3926  -11.8616   11.8711   -55.073     0.000   0   0   1   0   
    0.5810    0.3974  -20.4594   20.4601   -59.664  -180.000   1   0   0   0   
    0.5810    0.3932  -11.8833   11.8927   -55.087     0.000   0   0   1   0   
    0.5820    0.3980  -20.4461   20.4467   -59.694  -180.000   1   0   0   0   
    0.5820    0.3939  -11.9051   11.9144   -55.101     0.000   0   0   1   0   
    0.5830    0.3987  -20.4328   20.4334   -59.723  -180.000   1   0   0   0   
    0.5830    0.3946  -11.9268   11.9361   -55.115     0.000   0   0   1   0   
    0.5840    0.3993  -20.4195   20.4202   -59.753  -180.000   1   0   0   0   
    0.5840    0.3952  -11.9485   11.9578   -55.130     0.000   0   0   1   0   
    0.5850    0.3999  -20.4064   20.4070   -59.783  -180.000   1   0   0   0   
    0.5850    0.3959  -11.9703   11.9794   -55.144     0.000   0   0   1   0   
    0.5860    0.4006  -20.3933   20.3939   -59.812  -180.000   1   0   0   0   
    0.5860    0.3966  -11.9920   12.0011   -55.158     0.000   0   0   1   0   
    0.5870    0.4012  -20.3803   20.3809   -59.842  -180.000   1   0   0   0   
    0.5870    0.3972  -12.0138   12.0229   -55.172     0.000   0   0   1   0   
    0.5880    0.4019  -20.3674   20.3680   -59.872  -180.000   1   0   0   0   
    0.5880    0.3979  -12.0355   12.0446   -55.186     0.000   0   0   1   0   
    0.5890    0.4025  -20.3546   20.3552   -59.902  -180.000   1   0   0   0   
    0.5890    0.3986  -12.0573   12.0663   -55.200     0.000   0   0   1   0   
    0.5900    0.4031  -20.3418   20.3424   -59.932  -180.000   1   0   0   0   
    0.5900    0.3992  -12.0791   12.0880   -55.214     0.000   0   0   1   0   
    0.5910    0.4038  -20.3291   20.3297   -59.961  -180.000   1   0   0   0   
    0.5910    0.3999  -12.1008   12.1098   -55.228     0.000   0   0   1   0   
    0.5920    0.4044  -20.3165   20.3171   -59.991  -180.000   1   0   0   0   
    0.5920    0.4006  -12.1226   12.1315   -55.242     0.000   0   0   1   0   
    0.5930    0.4051  -20.3039   20.3045   -60.021  -180.000   1   0   0   0   
    0.5930    0.4012  -12.1444   12.1533   -55.255     0.000   0   0   1   0   
    0.5940    0.4057  -20.2915   20.2920   -60.051  -180.000   1   0   0   0   
    0.5940    0.4019  -12.1662   12.1750   -55.269     0.000   0   0   1   0   
    0.5950    0.4063  -20.2791   20.2796   -60.081  -180.000   1   0   0   0   
    0.5950    0.4026  -12.1880   12.1968   -55.283     0.000   0   0   1   0   
    0.5960    0.4070  -20.2668   20.2673   -60.112  -180.000   1   0   0   0   
    0.5960    0.4032  -12.2099   12.2186   -55.297     0.000   0   0   1   0   
    0.5970    0.4076  -20.2545   20.2551   -60.142  -180.000   1   0   0   0   
    0.5970    0.4039  -12.2317   12.2404   -55.311     0.000   0   0   1   0   
    0.5980    0.4082  -20.2423   20.2429   -60.172  -180.000   1   0   0   0   
    0.5980    0.4046  -12.2535   12.2622   -55.324     0.000   0   0   1   0   
    0.5990    0.4089  -20.2302   20.2308   -60.202  -180.000   1   0   0   0   
    0.5990    0.4052  -12.2754   12.2840   -55.338     0.000   0   0   1   0   
    0.6000    0.4095  -20.2182   20.2187   -60.232  -180.000   1   0   0   0   
    0.6000    0.4059  -12.2972   12.3058   -55.352     0.000   0   0   1   0   
    0.6010    0.4102  -20.2062   20.2067   -60.263  -180.000   1   0   0   0   
    0.6010    0.4066  -12.3191   12.3276   -55.366     0.000   0   0   1   0   
    0.6020    0.4108  -20.1943   20.1948   -60.293  -180.000   1   0   0   0   
    0.6020    0.4072  -12.3409   12.3494   -55.379     0.000   0   0   1   0   
    0.6030    0.4114  -20.1825   20.1830   -60.323  -180.000   1   0   0   0   
    0.6030    0.4079  -12.3628   12.3712   -55.393     0.000   0   0   1   0   
    0.6040    0.4121  -20.1707   20.1713   -60.354  -180.000   1   0   0   0   
    0.6040    0.4086  -12.3847   12.3931   -55.406     0.000   0   0   1   0   
    0.6050    0.4127  -20.1591   20.1596   -60.384  -180.000   1   0   0   0   
    0.6050    0.4092  -12.4066   12.4149   -55.420     0.000   0   0   1   0   
    0.6060    0.4134  -20.1475   20.1480   -60.415  -180.000   1   0   0   0   
    0.6060    0.4099  -12.4285   12.4368   -55.433     0.000   0   0   1   0   
    0.6070    0.4140  -20.1359   20.1364   -60.445  -180.000   1   0   0   0   
    0.6070    0.4106  -12.4504   12.4587   -55.447     0.000   0   0   1   0   
    0.6080    0.4146  -20.1244   20.1249   -60.476  -180.000   1   0   0   0   
    0.6080    0.4112  -12.4723   12.4805   -55.460     0.000   0   0   1   0   
    0.6090    0.4153  -20.1130   20.1135   -60.506  -180.000   1   0   0   0   
    0.6090    0.4119  -12.4942   12.5024   -55.474     0.000   0   0   1   0   
    0.6100    0.4159  -20.1017   20.1022   -60.537  -180.000   1   0   0   0   
    0.6100    0.4125  -12.5162   12.5243   -55.487     0.000   0   0   1   0   
    0.6110    0.4166  -20.0904   20.0909   -60.568  -180.000   1   0   0   0   
    0.6110    0.4132  -12.5381   12.5462   -55.501     0.000   0   0   1   0   
    0.6120    0.4172  -20.0792   20.0797   -60.598  -180.000   1   0   0   0   
    0.6120    0.4139  -12.5600   12.5681   -55.514     0.000   0   0   1   0   
    0.6130    0.4178  -20.0681   20.0686   -60.629  -180.000   1   0   0   0   
    0.6130    0.4145  -12.5820   12.5900   -55.528     0.000   0   0   1   0   
    0.6140    0.4185  -20.0570   20.0575   -60.660  -180.000   1   0   0   0   
    0.6140    0.4152  -12.6039   12.6119   -55.541     0.000   0   0   1   0   
    0.6150    0.4191  -20.0460   20.0465   -60.691  -180.000   1   0   0   0   
    0.6150    0.4159  -12.6259   12.6339   -55.554     0.000   0   0   1   0   
    0.6160    0.4198  -20.0351   20.0355   -60.722  -180.000   1   0   0   0   
    0.6160    0.4165  -12.6479   12.6558   -55.567     0.000   0   0   1   0   
    0.6170    0.4204  -20.0242   20.0247   -60.753  -180.000   1   0   0   0   
    0.6170    0.4172  -12.6699   12.6778   -55.581     0.000   0   0   1   0   
    0.6180    0.4210  -20.0134   20.0139   -60.784  -180.000   1   0   0   0   
    0.6180    0.4179  -12.6919   12.6997   -55.594     0.000   0   0   1   0   
    0.6190    0.4217  -20.0027   20.0031   -60.815  -180.000   1   0   0   0   
    0.6190    0.4185  -12.7139   12.7217   -55.607     0.000   0   0   1   0   
    0.6200    0.4223  -19.9920   19.9924   -60.846  -180.000   1   0   0   0   
    0.6200    0.4192  -12.7359   12.7436   -55.620     0.000   0   0   1   0   
    0.6210    0.4230  -19.9814   19.9818   -60.877  -180.000   1   0   0   0   
    0.6210    0.4199  -12.7579   12.7656   -55.633     0.000   0   0   1   0   
    0.6220    0.4236  -19.9709   19.9713   -60.909  -180.000   1   0   0   0   
    0.6220    0.4205  -12.7799   12.7876   -55.647     0.000   0   0   1   0   
    0.6230    0.4243  -19.9604   19.9608   -60.940  -180.000   1   0   0   0   
    0.6230    0.4212  -12.8019   12.8096   -55.660     0.000   0   0   1   0   
    0.6240    0.4249  -19.9500   19.9504   -60.971  -180.000   1   0   0   0   
    0.6240    0.4219  -12.8240   12.8316   -55.673     0.000   0   0   1   0   
    0.6250    0.4255  -19.9396   19.9400   -61.003  -180.000   1   0   0   0   
    0.6250    0.4225  -12.8460   12.8536   -55.686     0.000   0   0   1   0   
    0.6260    0.4262  -19.9294   19.9298   -61.034  -180.000   1   0   0   0   
    0.6260    0.4232  -12.8681   12.8757   -55.699     0.000   0   0   1   0   
    0.6270    0.4268  -19.9191   19.9195   -61.065  -180.000   1   0   0   0   
    0.6270    0.4239  -12.8902   12.8977   -55.712     0.000   0   0   1   0   
    0.6280    0.4275  -19.9090   19.9094   -61.097  -180.000   1   0   0   0   
    0.6280    0.4245  -12.9122   12.9197   -55.725     0.000   0   0   1   0   
    0.6290    0.4281  -19.8989   19.8993   -61.129  -180.000   1   0   0   0   
    0.6290    0.4252  -12.9343   12.9418   -55.738     0.000   0   0   1   0   
    0.6300    0.4287  -19.8889   19.8892   -61.160  -180.000   1   0   0   0   
    0.6300    0.4258  -12.9564   12.9638   -55.751     0.000   0   0   1   0   
    0.6310    0.4294  -19.8789   19.8793   -61.192  -180.000   1   0   0   0   
    0.6310    0.4265  -12.9785   12.9859   -55.764     0.000   0   0   1   0   
    0.6320    0.4300  -19.8690   19.8694   -61.224  -180.000   1   0   0   0   
    0.6320    0.4272  -13.0006   13.0080   -55.777     0.000   0   0   1   0   
    0.6330    0.4307  -19.8591   19.8595   -61.255  -180.000   1   0   0   0   
    0.6330    0.4278  -13.0227   13.0300   -55.790     0.000   0   0   1   0   
    0.6340    0.4313  -19.8494   19.8497   -61.287  -180.000   1   0   0   0   
    0.6340    0.4285  -13.0448   13.0521   -55.802     0.000   0   0   1   0   
    0.6350    0.4319  -19.8396   19.8400   -61.319  -180.000   1   0   0   0   
    0.6350    0.4292  -13.0670   13.0742   -55.815     0.000   0   0   1   0   
    0.6360    0.4326  -19.8300   19.8303   -61.351  -180.000   1   0   0   0   
    0.6360    0.4298  -13.0891   13.0963   -55.828     0.000   0   0   1   0   
    0.6370    0.4332  -19.8204   19.8207   -61.383  -180.000   1   0   0   0   
    0.6370    0.4305  -13.1112   13.1184   -55.841     0.000   0   0   1   0   
    0.6380    0.4339  -19.8108   19.8112   -61.415  -180.000   1   0   0   0   
    0.6380    0.4312  -13.1334   13.1406   -55.854     0.000   0   0   1   0   
    0.6390    0.4345  -19.8014   19.8017   -61.448  -180.000   1   0   0   0   
    0.6390    0.4318  -13.1556   13.1627   -55.866     0.000   0   0   1   0   
    0.6400    0.4352  -19.7919   19.7923   -61.480  -180.000   1   0   0   0   
    0.6400    0.4325  -13.1777   13.1848   -55.879     0.000   0   0   1   0   
    0.6410    0.4358  -19.7826   19.7829   -61.512  -180.000   1   0   0   0   
    0.6410    0.4331  -13.1999   13.2070   -55.892     0.000   0   0   1   0   
    0.6420    0.4364  -19.7733   19.7736   -61.544  -180.000   1   0   0   0   
    0.6420    0.4338  -13.2221   13.2292   -55.904     0.000   0   0   1   0   
    0.6430    0.4371  -19.7640   19.7644   -61.577  -180.000   1   0   0   0   
    0.6430    0.4345  -13.2443   13.2513   -55.917     0.000   0   0   1   0   
    0.6440    0.4377  -19.7549   19.7552   -61.609  -180.000   1   0   0   0   
    0.6440    0.4351  -13.2665   13.2735   -55.930     0.000   0   0   1   0   
    0.6450    0.4384  -19.7457   19.7461   -61.642  -180.000   1   0   0   0   
    0.6450    0.4358  -13.2887   13.2957   -55.942     0.000   0   0   1   0   
    0.6460    0.4390  -19.7367   19.7370   -61.675  -180.000   1   0   0   0   
    0.6460    0.4365  -13.3110   13.3179   -55.955     0.000   0   0   1   0   
    0.6470    0.4396  -19.7277   19.7280   -61.707  -180.000   1   0   0   0   
    0.6470    0.4371  -13.3332   13.3401   -55.967     0.000   0   0   1   0   
    0.6480    0.4403  -19.7187   19.7190   -61.740  -180.000   1   0   0   0   
    0.6480    0.4378  -13.3554   13.3623   -55.980     0.000   0   0   1   0   
    0.6490    0.4409  -19.7098   19.7101   -61.773  -180.000   1   0   0   0   
    0.6490    0.4385  -13.3777   13.3845   -55.992     0.000   0   0   1   0   
    0.6500    0.4416  -19.7010   19.7013   -61.806  -180.000   1   0   0   0   
    0.6500    0.4391  -13.3999   13.4067   -56.005     0.000   0   0   1   0   
    0.6510    0.4422  -19.6922   19.6925   -61.839  -180.000   1   0   0   0   
    0.6510    0.4398  -13.4222   13.4290   -56.017     0.000   0   0   1   0   
    0.6520    0.4428  -19.6835   19.6838   -61.872  -180.000   1   0   0   0   
    0.6520    0.4404  -13.4445   13.4512   -56.030     0.000   0   0   1   0   
    0.6530    0.4435  -19.6748   19.6751   -61.905  -180.000   1   0   0   0   
    0.6530    0.4411  -13.4668   13.4735   -56.042     0.000   0   0   1   0   
    0.6540    0.4441  -19.6662   19.6665   -61.938  -180.000   1   0   0   0   
    0.6540    0.4418  -13.4891   13.4957   -56.054     0.000   0   0   1   0   
    0.6550    0.4448  -19.6577   19.6580   -61.971  -180.000   1   0   0   0   
    0.6550    0.4424  -13.5114   13.5180   -56.067     0.000   0   0   1   0   
    0.6560    0.4454  -19.6492   19.6495   -62.004  -180.000   1   0   0   0   
    0.6560    0.4431  -13.5337   13.5403   -56.079     0.000   0   0   1   0   
    0.6570    0.4461  -19.6408   19.6411   -62.038  -180.000   1   0   0   0   
    0.6570    0.4438  -13.5560   13.5626   -56.091     0.000   0   0   1   0   
    0.6580    0.4467  -19.6324   19.6327   -62.071  -180.000   1   0   0   0   
    0.6580    0.4444  -13.5783   13.5849   -56.104     0.000   0   0   1   0   
    0.6590    0.4473  -19.6241   19.6243   -62.105  -180.000   1   0   0   0   
    0.6590    0.4451  -13.6007   13.6072   -56.116     0.000   0   0   1   0   
    0.6600    0.4480  -19.6158   19.6161   -62.138  -180.000   1   0   0   0   
    0.6600    0.4457  -13.6230   13.6295   -56.128     0.000   0   0   1   0   
    0.6610    0.4486  -19.6076   19.6079   -62.172  -180.000   1   0   0   0   
    0.6610    0.4464  -13.6454   13.6519   -56.140     0.000   0   0   1   0   
    0.6620    0.4493  -19.5994   19.5997   -62.206  -180.000   1   0   0   0   
    0.6620    0.4471  -13.6677   13.6742   -56.153     0.000   0   0   1   0   
    0.6630    0.4499  -19.5913   19.5916   -62.239  -180.000   1   0   0   0   
    0.6630    0.4477  -13.6901   13.6965   -56.165     0.000   0   0   1   0   
    0.6640    0.4506  -19.5833   19.5835   -62.273  -180.000   1   0   0   0   
    0.6640    0.4484  -13.7125   13.7189   -56.177     0.000   0   0   1   0   
    0.6650    0.4512  -19.5753   19.5755   -62.307  -180.000   1   0   0   0   
    0.6650    0.4491  -13.7349   13.7413   -56.189     0.000   0   0   1   0   
    0.6660    0.4518  -19.5673   19.5676   -62.341  -180.000   1   0   0   0   
    0.6660    0.4497  -13.7573   13.7636   -56.201     0.000   0   0   1   0   
    0.6670    0.4525  -19.5594   19.5597   -62.376  -180.000   1   0   0   0   
    0.6670    0.4504  -13.7797   13.7860   -56.213     0.000   0   0   1   0   
    0.6680    0.4531  -19.5516   19.5518   -62.410  -180.000   1   0   0   0   
    0.6680    0.4510  -13.8021   13.8084   -56.225     0.000   0   0   1   0   
    0.6690    0.4538  -19.5438   19.5441   -62.444  -180.000   1   0   0   0   
    0.6690    0.4517  -13.8246   13.8308   -56.237     0.000   0   0   1   0   
    0.6700    0.4544  -19.5361   19.5363   -62.478  -180.000   1   0   0   0   
    0.6700    0.4524  -13.8470   13.8532   -56.249     0.000   0   0   1   0   
    0.6710    0.4550  -19.5284   19.5287   -62.513  -180.000   1   0   0   0   
    0.6710    0.4530  -13.8694   13.8756   -56.261     0.000   0   0   1   0   
    0.6720    0.4557  -19.5208   19.5210   -62.547  -180.000   1   0   0   0   
    0.6720    0.4537  -13.8919   13.8981   -56.273     0.000   0   0   1   0   
    0.6730    0.4563  -19.5132   19.5134   -62.582  -180.000   1   0   0   0   
    0.6730    0.4544  -13.9144   13.9205   -56.285     0.000   0   0   1   0   
    0.6740    0.4570  -19.5057   19.5059   -62.617  -180.000   1   0   0   0   
    0.6740    0.4550  -13.9368   13.9430   -56.297     0.000   0   0   1   0   
    0.6750    0.4576  -19.4982   19.4985   -62.652  -180.000   1   0   0   0   
    0.6750    0.4557  -13.9593   13.9654   -56.309     0.000   0   0   1   0   
    0.6760    0.4583  -19.4908   19.4910   -62.687  -180.000   1   0   0   0   
    0.6760    0.4563  -13.9818   13.9879   -56.321     0.000   0   0   1   0   
    0.6770    0.4589  -19.4834   19.4837   -62.722  -180.000   1   0   0   0   
    0.6770    0.4570  -14.0043   14.0104   -56.333     0.000   0   0   1   0   
    0.6780    0.4595  -19.4761   19.4764   -62.757  -180.000   1   0   0   0   
    0.6780    0.4577  -14.0268   14.0329   -56.345     0.000   0   0   1   0   
    0.6790    0.4602  -19.4689   19.4691   -62.792  -180.000   1   0   0   0   
    0.6790    0.4583  -14.0494   14.0554   -56.357     0.000   0   0   1   0   
    0.6800    0.4608  -19.4617   19.4619   -62.827  -180.000   1   0   0   0   
    0.6800    0.4590  -14.0719   14.0779   -56.369     0.000   0   0   1   0   
    0.6810    0.4615  -19.4545   19.4547   -62.863  -180.000   1   0   0   0   
    0.6810    0.4596  -14.0944   14.1004   -56.380     0.000   0   0   1   0   
    0.6820    0.4621  -19.4474   19.4476   -62.898  -180.000   1   0   0   0   
    0.6820    0.4603  -14.1170   14.1229   -56.392     0.000   0   0   1   0   
    0.6830    0.4628  -19.4403   19.4405   -62.934  -180.000   1   0   0   0   
    0.6830    0.4610  -14.1395   14.1454   -56.404     0.000   0   0   1   0   
    0.6840    0.4634  -19.4333   19.4335   -62.969  -180.000   1   0   0   0   
    0.6840    0.4616  -14.1621   14.1680   -56.416     0.000   0   0   1   0   
    0.6850    0.4640  -19.4264   19.4266   -63.005  -180.000   1   0   0   0   
    0.6850    0.4623  -14.1847   14.1905   -56.427     0.000   0   0   1   0   
    0.6860    0.4647  -19.4194   19.4196   -63.041  -180.000   1   0   0   0   
    0.6860    0.4629  -14.2073   14.2131   -56.439     0.000   0   0   1   0   
    0.6870    0.4653  -19.4126   19.4128   -63.077  -180.000   1   0   0   0   
    0.6870    0.4636  -14.2299   14.2357   -56.451     0.000   0   0   1   0   
    0.6880    0.4660  -19.4058   19.4060   -63.113  -180.000   1   0   0   0   
    0.6880    0.4643  -14.2525   14.2583   -56.462     0.000   0   0   1   0   
    0.6890    0.4666  -19.3990   19.3992   -63.149  -180.000   1   0   0   0   
    0.6890    0.4649  -14.2751   14.2809   -56.474     0.000   0   0   1   0   
    0.6900    0.4673  -19.3923   19.3925   -63.186  -180.000   1   0   0   0   
    0.6900    0.4656  -14.2977   14.3035   -56.486     0.000   0   0   1   0   
    0.6910    0.4679  -19.3856   19.3858   -63.222  -180.000   1   0   0   0   
    0.6910    0.4663  -14.3204   14.3261   -56.497     0.000   0   0   1   0   
    0.6920    0.4685  -19.3790   19.3792   -63.259  -180.000   1   0   0   0   
    0.6920    0.4669  -14.3430   14.3487   -56.509     0.000   0   0   1   0   
    0.6930    0.4692  -19.3724   19.3726   -63.295  -180.000   1   0   0   0   
    0.6930    0.4676  -14.3657   14.3713   -56.520     0.000   0   0   1   0   
    0.6940    0.4698  -19.3659   19.3661   -63.332  -180.000   1   0   0   0   
    0.6940    0.4682  -14.3883   14.3940   -56.532     0.000   0   0   1   0   
    0.6950    0.4705  -19.3594   19.3596   -63.369  -180.000   1   0   0   0   
    0.6950    0.4689  -14.4110   14.4166   -56.543     0.000   0   0   1   0   
    0.6960    0.4711  -19.3530   19.3532   -63.406  -180.000   1   0   0   0   
    0.6960    0.4696  -14.4337   14.4393   -56.555     0.000   0   0   1   0   
    0.6970    0.4718  -19.3466   19.3468   -63.443  -180.000   1   0   0   0   
    0.6970    0.4702  -14.4564   14.4620   -56.566     0.000   0   0   1   0   
    0.6980    0.4724  -19.3403   19.3405   -63.480  -180.000   1   0   0   0   
    0.6980    0.4709  -14.4791   14.4847   -56.578     0.000   0   0   1   0   
    0.6990    0.4730  -19.3340   19.3342   -63.517  -180.000   1   0   0   0   
    0.6990    0.4715  -14.5018   14.5074   -56.589     0.000   0   0   1   0   
    0.7000    0.4737  -19.3278   19.3280   -63.555  -180.000   1   0   0   0   
    0.7000    0.4722  -14.5245   14.5301   -56.600     0.000   0   0   1   0   
    0.7010    0.4743  -19.3216   19.3218   -63.592  -180.000   1   0   0   0   
    0.7010    0.4729  -14.5473   14.5528   -56.612     0.000   0   0   1   0   
    0.7020    0.4750  -19.3155   19.3156   -63.630  -180.000   1   0   0   0   
    0.7020    0.4735  -14.5700   14.5755   -56.623     0.000   0   0   1   0   
    0.7030    0.4756  -19.3094   19.3095   -63.668  -180.000   1   0   0   0   
    0.7030    0.4742  -14.5928   14.5982   -56.634     0.000   0   0   1   0   
    0.7040    0.4763  -19.3033   19.3035   -63.706  -180.000   1   0   0   0   
    0.7040    0.4748  -14.6156   14.6210   -56.646     0.000   0   0   1   0   
    0.7050    0.4769  -19.2973   19.2975   -63.744  -180.000   1   0   0   0   
    0.7050    0.4755  -14.6383   14.6437   -56.657     0.000   0   0   1   0   
    0.7060    0.4776  -19.2913   19.2915   -63.782  -180.000   1   0   0   0   
    0.7060    0.4761  -14.6611   14.6665   -56.668     0.000   0   0   1   0   
    0.7070    0.4782  -19.2854   19.2856   -63.820  -180.000   1   0   0   0   
    0.7070    0.4768  -14.6839   14.6893   -56.680     0.000   0   0   1   0   
    0.7080    0.4788  -19.2796   19.2797   -63.859  -180.000   1   0   0   0   
    0.7080    0.4775  -14.7067   14.7121   -56.691     0.000   0   0   1   0   
    0.7090    0.4795  -19.2737   19.2739   -63.897  -180.000   1   0   0   0   
    0.7090    0.4781  -14.7295   14.7349   -56.702     0.000   0   0   1   0   
    0.7100    0.4801  -19.2680   19.2681   -63.936  -180.000   1   0   0   0   
    0.7100    0.4788  -14.7524   14.7577   -56.713     0.000   0   0   1   0   
    0.7110    0.4808  -19.2622   19.2624   -63.975  -180.000   1   0   0   0   
    0.7110    0.4794  -14.7752   14.7805   -56.724     0.000   0   0   1   0   
    0.7120    0.4814  -19.2565   19.2567   -64.014  -180.000   1   0   0   0   
    0.7120    0.4801  -14.7981   14.8033   -56.736     0.000   0   0   1   0   
    0.7130    0.4821  -19.2509   19.2510   -64.053  -180.000   1   0   0   0   
    0.7130    0.4808  -14.8209   14.8261   -56.747     0.000   0   0   1   0   
    0.7140    0.4827  -19.2453   19.2455   -64.092  -180.000   1   0   0   0   
    0.7140    0.4814  -14.8438   14.8490   -56.758     0.000   0   0   1   0   
    0.7150    0.4833  -19.2398   19.2399   -64.131  -180.000   1   0   0   0   
    0.7150    0.4821  -14.8667   14.8719   -56.769     0.000   0   0   1   0   
    0.7160    0.4840  -19.2343   19.2344   -64.171  -180.000   1   0   0   0   
    0.7160    0.4827  -14.8896   14.8947   -56.780     0.000   0   0   1   0   
    0.7170    0.4846  -19.2288   19.2290   -64.211  -180.000   1   0   0   0   
    0.7170    0.4834  -14.9125   14.9176   -56.791     0.000   0   0   1   0   
    0.7180    0.4853  -19.2234   19.2236   -64.251  -180.000   1   0   0   0   
    0.7180    0.4841  -14.9354   14.9405   -56.802     0.000   0   0   1   0   
    0.7190    0.4859  -19.2181   19.2182   -64.291  -180.000   1   0   0   0   
    0.7190    0.4847  -14.9583   14.9634   -56.813     0.000   0   0   1   0   
    0.7200    0.4866  -19.2127   19.2129   -64.332  -180.000   1   0   0   0   
    0.7200    0.4854  -14.9812   14.9863   -56.824     0.000   0   0   1   0   
    0.7210    0.4872  -19.2075   19.2076   -64.373  -180.000   1   0   0   0   
    0.7210    0.4860  -15.0042   15.0092   -56.835     0.000   0   0   1   0   
    0.7220    0.4878  -19.2022   19.2023   -64.413  -180.000   1   0   0   0   
    0.7220    0.4867  -15.0271   15.0322   -56.846     0.000   0   0   1   0   
    0.7230    0.4885  -19.1969   19.1971   -64.453  -180.000   1   0   0   0   
    0.7230    0.4873  -15.0501   15.0551   -56.857     0.000   0   0   1   0   
    0.7240    0.4891  -19.1917   19.1919   -64.494  -180.000   1   0   0   0   
    0.7240    0.4880  -15.0731   15.0781   -56.868     0.000   0   0   1   0   
    0.7250    0.4898  -19.1865   19.1867   -64.534  -180.000   1   0   0   0   
    0.7250    0.4887  -15.0960   15.1010   -56.879     0.000   0   0   1   0   
    0.7260    0.4904  -19.1814   19.1815   -64.574  -180.000   1   0   0   0   
    0.7260    0.4893  -15.1190   15.1240   -56.890     0.000   0   0   1   0   
    0.7270    0.4911  -19.1762   19.1764   -64.614  -180.000   1   0   0   0   
    0.7270    0.4900  -15.1420   15.1470   -56.901     0.000   0   0   1   0   
    0.7280    0.4917  -19.1711   19.1713   -64.653  -180.000   1   0   0   0   
    0.7280    0.4906  -15.1651   15.1700   -56.911     0.000   0   0   1   0   
    0.7290    0.4924  -19.1661   19.1662   -64.691  -180.000   1   0   0   0   
    0.7290    0.4913  -15.1881   15.1930   -56.922     0.000   0   0   1   0   
    0.7300    0.4930  -19.1610   19.1611   -64.730  -180.000   1   0   0   0   
    0.7300    0.4920  -15.2111   15.2160   -56.933     0.000   0   0   1   0   
    0.7310    0.4936  -19.1560   19.1561   -64.767  -180.000   1   0   0   0   
    0.7310    0.4926  -15.2342   15.2391   -56.944     0.000   0   0   1   0   
    0.7320    0.4943  -19.1511   19.1512   -64.805  -180.000   1   0   0   0   
    0.7320    0.4933  -15.2572   15.2621   -56.955     0.000   0   0   1   0   
    0.7330    0.4949  -19.1462   19.1463   -64.841  -180.000   1   0   0   0   
    0.7330    0.4939  -15.2803   15.2852   -56.965     0.000   0   0   1   0   
    0.7340    0.4956  -19.1413   19.1414   -64.878  -180.000   1   0   0   0   
    0.7340    0.4946  -15.3034   15.3082   -56.976     0.000   0   0   1   0   
    0.7350    0.4962  -19.1365   19.1366   -64.915  -180.000   1   0   0   0   
    0.7350    0.4952  -15.3265   15.3313   -56.987     0.000   0   0   1   0   
    0.7360    0.4969  -19.1318   19.1319   -64.951  -180.000   1   0   0   0   
    0.7360    0.4959  -15.3496   15.3544   -56.997     0.000   0   0   1   0   
    0.7370    0.4975  -19.1272   19.1273   -64.988  -180.000   1   0   0   0   
    0.7370    0.4966  -15.3727   15.3775   -57.008     0.000   0   0   1   0   
    0.7380    0.4982  -19.1226   19.1227   -65.026  -180.000   1   0   0   0   
    0.7380    0.4972  -15.3958   15.4006   -57.019     0.000   0   0   1   0   
    0.7390    0.4988  -19.1181   19.1182   -65.065  -180.000   1   0   0   0   
    0.7390    0.4979  -15.4190   15.4237   -57.029     0.000   0   0   1   0   
    0.7400    0.4994  -19.1137   19.1138   -65.104  -180.000   1   0   0   0   
    0.7400    0.4985  -15.4421   15.4468   -57.040     0.000   0   0   1   0   
    0.7410    0.5001  -19.1093   19.1094   -65.146  -180.000   1   0   0   0   
    0.7410    0.4992  -15.4653   15.4700   -57.051     0.000   0   0   1   0   
    0.7420    0.5007  -19.1050   19.1051   -65.189  -180.000   1   0   0   0   
    0.7420    0.4998  -15.4885   15.4931   -57.061     0.000   0   0   1   0   
    0.7430    0.5014  -19.1007   19.1008   -65.233  -180.000   1   0   0   0   
    0.7430    0.5005  -15.5116   15.5163   -57.072     0.000   0   0   1   0   
    0.7440    0.5020  -19.0965   19.0966   -65.280  -180.000   1   0   0   0   
    0.7440    0.5012  -15.5348   15.5395   -57.082     0.000   0   0   1   0   
    0.7450    0.5027  -19.0923   19.0924   -65.329  -180.000   1   0   0   0   
    0.7450    0.5018  -15.5580   15.5627   -57.093     0.000   0   0   1   0   
    0.7460    0.5033  -19.0881   19.0882   -65.380  -180.000   1   0   0   0   
    0.7460    0.5025  -15.5813   15.5859   -57.103     0.000   0   0   1   0   
    0.7470    0.5039  -19.0839   19.0840   -65.433  -180.000   1   0   0   0   
    0.7470    0.5031  -15.6045   15.6091   -57.114     0.000   0   0   1   0   
    0.7480    0.5046  -19.0798   19.0798   -65.489  -180.000   1   0   0   0   
    0.7480    0.5038  -15.6277   15.6323   -57.124     0.000   0   0   1   0   
    0.7490    0.5052  -19.0756   19.0757   -65.546  -180.000   1   0   0   0   
    0.7490    0.5044  -15.6510   15.6555   -57.135     0.000   0   0   1   0   
    0.7500    0.5059  -19.0715   19.0715   -65.605  -180.000   1   0   0   0   
    0.7500    0.5051  -15.6742   15.6788   -57.145     0.000   0   0   1   0   
    0.7510    0.5065  -19.0673   19.0674   -65.666  -180.000   1   0   0   0   
    0.7510    0.5058  -15.6975   15.7020   -57.156     0.000   0   0   1   0   
    0.7520    0.5072  -19.0632   19.0633   -65.728  -180.000   1   0   0   0   
    0.7520    0.5064  -15.7208   15.7253   -57.166     0.000   0   0   1   0   
    0.7530    0.5078  -19.0591   19.0592   -65.791  -180.000   1   0   0   0   
    0.7530    0.5071  -15.7441   15.7486   -57.176     0.000   0   0   1   0   
    0.7540    0.5085  -19.0550   19.0551   -65.855  -180.000   1   0   0   0   
    0.7540    0.5077  -15.7674   15.7719   -57.187     0.000   0   0   1   0   
    0.7550    0.5091  -19.0510   19.0511   -65.921  -180.000   1   0   0   0   
    0.7550    0.5084  -15.7907   15.7952   -57.197     0.000   0   0   1   0   
    0.7560    0.5097  -19.0470   19.0471   -65.986  -180.000   1   0   0   0   
    0.7560    0.5090  -15.8141   15.8185   -57.207     0.000   0   0   1   0   
    0.7570    0.5104  -19.0432   19.0432   -66.053  -180.000   1   0   0   0   
    0.7570    0.5097  -15.8374   15.8418   -57.218     0.000   0   0   1   0   
    0.7580    0.5110  -19.0394   19.0395   -66.120  -180.000   1   0   0   0   
    0.7580    0.5103  -15.8608   15.8652   -57.228     0.000   0   0   1   0   
    0.7590    0.5117  -19.0357   19.0358   -66.189  -180.000   1   0   0   0   
    0.7590    0.5110  -15.8841   15.8885   -57.238     0.000   0   0   1   0   
    0.7600    0.5123  -19.0322   19.0323   -66.258  -180.000   1   0   0   0   
    0.7600    0.5117  -15.9075   15.9119   -57.249     0.000   0   0   1   0   
    0.7610    0.5130  -19.0288   19.0289   -66.329  -180.000   1   0   0   0   
    0.7610    0.5123  -15.9309   15.9353   -57.259     0.000   0   0   1   0   
    0.7620    0.5136  -19.0256   19.0257   -66.401  -180.000   1   0   0   0   
    0.7620    0.5130  -15.9543   15.9587   -57.269     0.000   0   0   1   0   
    0.7630    0.5143  -19.0225   19.0226   -66.475  -180.000   1   0   0   0   
    0.7630    0.5136  -15.9777   15.9821   -57.279     0.000   0   0   1   0   
    0.7640    0.5149  -19.0196   19.0197   -66.552  -180.000   1   0   0   0   
    0.7640    0.5143  -16.0012   16.0055   -57.289     0.000   0   0   1   0   
    0.7650    0.5155  -19.0168   19.0169   -66.631  -180.000   1   0   0   0   
    0.7650    0.5149  -16.0246   16.0289   -57.299     0.000   0   0   1   0   
    0.7660    0.5162  -19.0142   19.0143   -66.714  -180.000   1   0   0   0   
    0.7660    0.5156  -16.0480   16.0523   -57.310     0.000   0   0   1   0   
    0.7670    0.5168  -19.0117   19.0118   -66.800  -180.000   1   0   0   0   
    0.7670    0.5162  -16.0715   16.0758   -57.320     0.000   0   0   1   0   
    0.7680    0.5175  -19.0093   19.0094   -66.890  -180.000   1   0   0   0   
    0.7680    0.5169  -16.0950   16.0992   -57.330     0.000   0   0   1   0   
    0.7690    0.5181  -19.0070   19.0071   -66.983  -180.000   1   0   0   0   
    0.7690    0.5176  -16.1185   16.1227   -57.340     0.000   0   0   1   0   
    0.7700    0.5188  -19.0048   19.0048   -67.080  -180.000   1   0   0   0   
    0.7700    0.5182  -16.1420   16.1462   -57.350     0.000   0   0   1   0   
    0.7710    0.5194  -19.0026   19.0027   -67.181  -180.000   1   0   0   0   
    0.7710    0.5189  -16.1655   16.1697   -57.360     0.000   0   0   1   0   
    0.7720    0.5201  -19.0004   19.0005   -67.285  -180.000   1   0   0   0   
    0.7720    0.5195  -16.1890   16.1932   -57.370     0.000   0   0   1   0   
    0.7730    0.5207  -18.9982   18.9983   -67.392  -180.000   1   0   0   0   
    0.7730    0.5202  -16.2125   16.2167   -57.380     0.000   0   0   1   0   
    0.7740    0.5213  -18.9960   18.9960   -67.501  -180.000   1   0   0   0   
    0.7740    0.5208  -16.2361   16.2403   -57.390     0.000   0   0   1   0   
    0.7750    0.5220  -18.9936   18.9936   -67.611  -180.000   1   0   0   0   
    0.7750    0.5215  -16.2597   16.2638   -57.400     0.000   0   0   1   0   
    0.7760    0.5226  -18.9911   18.9911   -67.721  -180.000   1   0   0   0   
    0.7760    0.5221  -16.2832   16.2874   -57.410     0.000   0   0   1   0   
    0.7770    0.5233  -18.9884   18.9885   -67.830  -180.000   1   0   0   0   
    0.7770    0.5228  -16.3068   16.3109   -57.420     0.000   0   0   1   0   
    0.7780    0.5239  -18.9856   18.9856   -67.936  -180.000   1   0   0   0   
    0.7780    0.5234  -16.3304   16.3345   -57.430     0.000   0   0   1   0   
    0.7790    0.5246  -18.9825   18.9825   -68.038  -180.000   1   0   0   0   
    0.7790    0.5241  -16.3540   16.3581   -57.440     0.000   0   0   1   0   
    0.7800    0.5252  -18.9792   18.9793   -68.133  -180.000   1   0   0   0   
    0.7800    0.5247  -16.3776   16.3817   -57.450     0.000   0   0   1   0   
    0.7810    0.5258  -18.9757   18.9757   -68.221  -180.000   1   0   0   0   
    0.7810    0.5254  -16.4013   16.4053   -57.460     0.000   0   0   1   0   
    0.7820    0.5265  -18.9719   18.9720   -68.300  -180.000   1   0   0   0   
    0.7820    0.5261  -16.4249   16.4290   -57.469     0.000   0   0   1   0   
    0.7830    0.5271  -18.9679   18.9680   -68.367  -180.000   1   0   0   0   
    0.7830    0.5267  -16.4486   16.4526   -57.479     0.000   0   0   1   0   
    0.7840    0.5278  -18.9638   18.9638   -68.422  -180.000   1   0   0   0   
    0.7840    0.5274  -16.4723   16.4763   -57.489     0.000   0   0   1   0   
    0.7850    0.5284  -18.9594   18.9595   -68.464  -180.000   1   0   0   0   
    0.7850    0.5280  -16.4960   16.5000   -57.499     0.000   0   0   1   0   
    0.7860    0.5291  -18.9550   18.9551   -68.491  -180.000   1   0   0   0   
    0.7860    0.5287  -16.5197   16.5236   -57.509     0.000   0   0   1   0   
    0.7870    0.5297  -18.9505   18.9506   -68.505  -180.000   1   0   0   0   
    0.7870    0.5293  -16.5434   16.5473   -57.518     0.000   0   0   1   0   
    0.7880    0.5304  -18.9461   18.9462   -68.504  -180.000   1   0   0   0   
    0.7880    0.5300  -16.5671   16.5711   -57.528     0.000   0   0   1   0   
    0.7890    0.5310  -18.9417   18.9418   -68.491  -180.000   1   0   0   0   
    0.7890    0.5306  -16.5908   16.5948   -57.538     0.000   0   0   1   0   
    0.7900    0.5316  -18.9374   18.9375   -68.465  -180.000   1   0   0   0   
    0.7900    0.5313  -16.6146   16.6185   -57.548     0.000   0   0   1   0   
    0.7910    0.5323  -18.9333   18.9333   -68.428  -180.000   1   0   0   0   
    0.7910    0.5319  -16.6383   16.6423   -57.557     0.000   0   0   1   0   
    0.7920    0.5329  -18.9294   18.9294   -68.382  -180.000   1   0   0   0   
    0.7920    0.5326  -16.6621   16.6660   -57.567     0.000   0   0   1   0   
    0.7930    0.5336  -18.9257   18.9257   -68.329  -180.000   1   0   0   0   
    0.7930    0.5332  -16.6859   16.6898   -57.577     0.000   0   0   1   0   
    0.7940    0.5342  -18.9222   18.9223   -68.271  -180.000   1   0   0   0   
    0.7940    0.5339  -16.7097   16.7136   -57.586     0.000   0   0   1   0   
    0.7950    0.5349  -18.9190   18.9191   -68.210  -180.000   1   0   0   0   
    0.7950    0.5345  -16.7335   16.7374   -57.596     0.000   0   0   1   0   
    0.7960    0.5355  -18.9161   18.9161   -68.148  -180.000   1   0   0   0   
    0.7960    0.5352  -16.7574   16.7612   -57.606     0.000   0   0   1   0   
    0.7970    0.5362  -18.9134   18.9134   -68.087  -180.000   1   0   0   0   
    0.7970    0.5359  -16.7812   16.7850   -57.615     0.000   0   0   1   0   
    0.7980    0.5368  -18.9109   18.9110   -68.029  -180.000   1   0   0   0   
    0.7980    0.5365  -16.8050   16.8089   -57.625     0.000   0   0   1   0   
    0.7990    0.5375  -18.9087   18.9087   -67.975  -180.000   1   0   0   0   
    0.7990    0.5372  -16.8289   16.8327   -57.634     0.000   0   0   1   0   
    0.8000    0.5381  -18.9066   18.9066   -67.928  -180.000   1   0   0   0   
    0.8000    0.5378  -16.8528   16.8566   -57.644     0.000   0   0   1   0   
    0.8010    0.5388  -18.9047   18.9047   -67.888  -180.000   1   0   0   0   
    0.8010    0.5385  -16.8767   16.8805   -57.653     0.000   0   0   1   0   
    0.8020    0.5394  -18.9029   18.9030   -67.856  -180.000   1   0   0   0   
    0.8020    0.5391  -16.9006   16.9044   -57.663     0.000   0   0   1   0   
    0.8030    0.5400  -18.9013   18.9013   -67.834  -180.000   1   0   0   0   
    0.8030    0.5398  -16.9245   16.9283   -57.672     0.000   0   0   1   0   
    0.8040    0.5407  -18.8998   18.8998   -67.823  -180.000   1   0   0   0   
    0.8040    0.5404  -16.9485   16.9522   -57.682     0.000   0   0   1   0   
    0.8050    0.5413  -18.8984   18.8984   -67.822  -180.000   1   0   0   0   
    0.8050    0.5411  -16.9724   16.9761   -57.691     0.000   0   0   1   0   
    0.8060    0.5420  -18.8970   18.8970   -67.833  -180.000   1   0   0   0   
    0.8060    0.5417  -16.9964   17.0001   -57.701     0.000   0   0   1   0   
    0.8070    0.5426  -18.8957   18.8957   -67.857  -180.000   1   0   0   0   
    0.8070    0.5424  -17.0203   17.0241   -57.710     0.000   0   0   1   0   
    0.8080    0.5433  -18.8944   18.8944   -67.896  -180.000   1   0   0   0   
    0.8080    0.5430  -17.0443   17.0480   -57.720     0.000   0   0   1   0   
    0.8090    0.5439  -18.8931   18.8932   -67.946  -180.000   1   0   0   0   
    0.8090    0.5437  -17.0683   17.0720   -57.729     0.000   0   0   1   0   
    0.8100    0.5446  -18.8919   18.8919   -68.006  -180.000   1   0   0   0   
    0.8100    0.5443  -17.0923   17.0960   -57.738     0.000   0   0   1   0   
    0.8110    0.5452  -18.8906   18.8906   -68.075  -180.000   1   0   0   0   
    0.8110    0.5450  -17.1164   17.1200   -57.748     0.000   0   0   1   0   
    0.8120    0.5458  -18.8894   18.8894   -68.153  -180.000   1   0   0   0   
    0.8120    0.5456  -17.1404   17.1441   -57.757     0.000   0   0   1   0   
    0.8130    0.5465  -18.8881   18.8881   -68.240  -180.000   1   0   0   0   
    0.8130    0.5463  -17.1645   17.1681   -57.767     0.000   0   0   1   0   
    0.8140    0.5471  -18.8868   18.8868   -68.334  -180.000   1   0   0   0   
    0.8140    0.5469  -17.1885   17.1922   -57.776     0.000   0   0   1   0   
    0.8150    0.5478  -18.8855   18.8855   -68.435  -180.000   1   0   0   0   
    0.8150    0.5476  -17.2126   17.2162   -57.785     0.000   0   0   1   0   
    0.8160    0.5484  -18.8841   18.8841   -68.543  -180.000   1   0   0   0   
    0.8160    0.5482  -17.2367   17.2403   -57.794     0.000   0   0   1   0   
    0.8170    0.5491  -18.8827   18.8828   -68.656  -180.000   1   0   0   0   
    0.8170    0.5489  -17.2608   17.2644   -57.804     0.000   0   0   1   0   
    0.8180    0.5497  -18.8813   18.8813   -68.775  -180.000   1   0   0   0   
    0.8180    0.5495  -17.2849   17.2885   -57.813     0.000   0   0   1   0   
    0.8190    0.5504  -18.8799   18.8799   -68.897  -180.000   1   0   0   0   
    0.8190    0.5502  -17.3091   17.3127   -57.822     0.000   0   0   1   0   
    0.8200    0.5510  -18.8784   18.8784   -69.024  -180.000   1   0   0   0   
    0.8200    0.5508  -17.3332   17.3368   -57.831     0.000   0   0   1   0   
    0.8210    0.5516  -18.8769   18.8769   -69.153  -180.000   1   0   0   0   
    0.8210    0.5515  -17.3574   17.3609   -57.841     0.000   0   0   1   0   
    0.8220    0.5523  -18.8753   18.8753   -69.285  -180.000   1   0   0   0   
    0.8220    0.5521  -17.3816   17.3851   -57.850     0.000   0   0   1   0   
    0.8230    0.5529  -18.8738   18.8738   -69.419  -180.000   1   0   0   0   
    0.8230    0.5528  -17.4057   17.4093   -57.859     0.000   0   0   1   0   
    0.8240    0.5536  -18.8722   18.8722   -69.553  -180.000   1   0   0   0   
    0.8240    0.5534  -17.4299   17.4334   -57.868     0.000   0   0   1   0   
    0.8250    0.5542  -18.8705   18.8705   -69.689  -180.000   1   0   0   0   
    0.8250    0.5541  -17.4541   17.4576   -57.877     0.000   0   0   1   0   
    0.8260    0.5549  -18.8689   18.8689   -69.825  -180.000   1   0   0   0   
    0.8260    0.5547  -17.4783   17.4818   -57.887     0.000   0   0   1   0   
    0.8270    0.5555  -18.8673   18.8673   -69.960  -180.000   1   0   0   0   
    0.8270    0.5554  -17.5026   17.5060   -57.896     0.000   0   0   1   0   
    0.8280    0.5562  -18.8656   18.8656   -70.095  -180.000   1   0   0   0   
    0.8280    0.5560  -17.5268   17.5302   -57.905     0.000   0   0   1   0   
    0.8290    0.5568  -18.8639   18.8640   -70.229  -180.000   1   0   0   0   
    0.8290    0.5567  -17.5510   17.5545   -57.914     0.000   0   0   1   0   
    0.8300    0.5575  -18.8623   18.8623   -70.361  -180.000   1   0   0   0   
    0.8300    0.5573  -17.5752   17.5787   -57.924     0.000   0   0   1   0   
    0.8310    0.5581  -18.8606   18.8607   -70.493  -180.000   1   0   0   0   
    0.8310    0.5580  -17.5995   17.6029   -57.933     0.000   0   0   1   0   
    0.8320    0.5587  -18.8590   18.8590   -70.622  -180.000   1   0   0   0   
    0.8320    0.5586  -17.6237   17.6271   -57.942     0.000   0   0   1   0   
    0.8330    0.5594  -18.8574   18.8574   -70.750  -180.000   1   0   0   0   
    0.8330    0.5593  -17.6479   17.6513   -57.952     0.000   0   0   1   0   
    0.8340    0.5600  -18.8558   18.8558   -70.877  -180.000   1   0   0   0   
    0.8340    0.5599  -17.6721   17.6755   -57.962     0.000   0   0   1   0   
    0.8350    0.5607  -18.8543   18.8543   -71.002  -180.000   1   0   0   0   
    0.8350    0.5606  -17.6963   17.6996   -57.971     0.000   0   0   1   0   
    0.8360    0.5613  -18.8528   18.8528   -71.126  -180.000   1   0   0   0   
    0.8360    0.5612  -17.7204   17.7238   -57.981     0.000   0   0   1   0   
    0.8370    0.5620  -18.8513   18.8513   -71.248  -180.000   1   0   0   0   
    0.8370    0.5619  -17.7446   17.7479   -57.991     0.000   0   0   1   0   
    0.8380    0.5626  -18.8499   18.8499   -71.370  -180.000   1   0   0   0   
    0.8380    0.5625  -17.7687   17.7720   -58.001     0.000   0   0   1   0   
    0.8390    0.5633  -18.8485   18.8485   -71.491  -180.000   1   0   0   0   
    0.8390    0.5632  -17.7927   17.7960   -58.012     0.000   0   0   1   0   
    0.8400    0.5639  -18.8472   18.8472   -71.612  -180.000   1   0   0   0   
    0.8400    0.5638  -17.8167   17.8200   -58.023     0.000   0   0   1   0   
    0.8410    0.5645  -18.8459   18.8459   -71.734  -180.000   1   0   0   0   
    0.8410    0.5645  -17.8406   17.8439   -58.034     0.000   0   0   1   0   
    0.8420    0.5652  -18.8447   18.8447   -71.856  -180.000   1   0   0   0   
    0.8420    0.5651  -17.8645   17.8677   -58.046     0.000   0   0   1   0   
    0.8430    0.5658  -18.8435   18.8436   -71.979  -180.000   1   0   0   0   
    0.8430    0.5658  -17.8882   17.8914   -58.058     0.000   0   0   1   0   
    0.8440    0.5665  -18.8424   18.8424   -72.104  -180.000   1   0   0   0   
    0.8440    0.5664  -17.9119   17.9150   -58.071     0.000   0   0   1   0   
    0.8450    0.5671  -18.8414   18.8414   -72.231  -180.000   1   0   0   0   
    0.8450    0.5671  -17.9354   17.9385   -58.085     0.000   0   0   1   0   
    0.8460    0.5678  -18.8404   18.8404   -72.361  -180.000   1   0   0   0   
    0.8460    0.5677  -17.9588   17.9619   -58.100     0.000   0   0   1   0   
    0.8470    0.5684  -18.8394   18.8394   -72.493  -180.000   1   0   0   0   
    0.8470    0.5684  -17.9820   17.9851   -58.116     0.000   0   0   1   0   
    0.8480    0.5691  -18.8385   18.8385   -72.629  -180.000   1   0   0   0   
    0.8480    0.5690  -18.0051   18.0081   -58.133     0.000   0   0   1   0   
    0.8490    0.5697  -18.8376   18.8376   -72.769  -180.000   1   0   0   0   
    0.8490    0.5697  -18.0279   18.0309   -58.151     0.000   0   0   1   0   
    0.8500    0.5704  -18.8367   18.8367   -72.913  -180.000   1   0   0   0   
    0.8500    0.5703  -18.0506   18.0535   -58.171     0.000   0   0   1   0   
    0.8510    0.5710  -18.8359   18.8359   -73.061  -180.000   1   0   0   0   
    0.8510    0.5710  -18.0730   18.0759   -58.193     0.000   0   0   1   0   
    0.8520    0.5716  -18.8351   18.8351   -73.214  -180.000   1   0   0   0   
    0.8520    0.5716  -18.0951   18.0980   -58.216     0.000   0   0   1   0   
    0.8530    0.5723  -18.8344   18.8344   -73.372  -180.000   1   0   0   0   
    0.8530    0.5723  -18.1170   18.1198   -58.243     0.000   0   0   1   0   
    0.8540    0.5729  -18.8337   18.8337   -73.534  -180.000   1   0   0   0   
    0.8540    0.5729  -18.1385   18.1413   -58.271     0.000   0   0   1   0   
    0.8550    0.5736  -18.8330   18.8330   -73.702  -180.000   1   0   0   0   
    0.8550    0.5736  -18.1598   18.1625   -58.303     0.000   0   0   1   0   
    0.8560    0.5742  -18.8323   18.8323   -73.875  -180.000   1   0   0   0   
    0.8560    0.5742  -18.1807   18.1833   -58.338     0.000   0   0   1   0   
    0.8570    0.5749  -18.8316   18.8317   -74.054  -180.000   1   0   0   0   
    0.8570    0.5749  -18.2012   18.2038   -58.376     0.000   0   0   1   0   
    0.8580    0.5755  -18.8310   18.8310   -74.238  -180.000   1   0   0   0   
    0.8580    0.5755  -18.2213   18.2238   -58.419     0.000   0   0   1   0   
    0.8590    0.5762  -18.8304   18.8304   -74.427  -180.000   1   0   0   0   
    0.8590    0.5762  -18.2410   18.2435   -58.465     0.000   0   0   1   0   
    0.8600    0.5768  -18.8298   18.8298   -74.622  -180.000   1   0   0   0   
    0.8600    0.5768  -18.2603   18.2627   -58.517     0.000   0   0   1   0   
    0.8610    0.5775  -18.8293   18.8293   -74.822  -180.000   1   0   0   0   
    0.8610    0.5774  -18.2792   18.2815   -58.573     0.000   0   0   1   0   
    0.8620    0.5781  -18.8287   18.8287   -75.027  -180.000   1   0   0   0   
    0.8620    0.5781  -18.2976   18.2999   -58.636     0.000   0   0   1   0   
    0.8630    0.5787  -18.8282   18.8282   -75.238  -180.000   1   0   0   0   
    0.8630    0.5787  -18.3155   18.3177   -58.704     0.000   0   0   1   0   
    0.8640    0.5794  -18.8277   18.8277   -75.453  -180.000   1   0   0   0   
    0.8640    0.5794  -18.3330   18.3351   -58.779     0.000   0   0   1   0   
    0.8650    0.5800  -18.8271   18.8271   -75.673  -180.000   1   0   0   0   
    0.8650    0.5800  -18.3499   18.3520   -58.861     0.000   0   0   1   0   
    0.8660    0.5807  -18.8267   18.8267   -75.898  -180.000   1   0   0   0   
    0.8660    0.5807  -18.3664   18.3684   -58.950     0.000   0   0   1   0   
    0.8670    0.5813  -18.8262   18.8262   -76.127  -180.000   1   0   0   0   
    0.8670    0.5813  -18.3823   18.3843   -59.048     0.000   0   0   1   0   
    0.8680    0.5820  -18.8257   18.8257   -76.360  -180.000   1   0   0   0   
    0.8680    0.5820  -18.3978   18.3997   -59.154     0.000   0   0   1   0   
    0.8690    0.5826  -18.8253   18.8253   -76.597  -180.000   1   0   0   0   
    0.8690    0.5826  -18.4128   18.4145   -59.269     0.000   0   0   1   0   
    0.8700    0.5833  -18.8248   18.8248   -76.839  -180.000   1   0   0   0   
    0.8700    0.5833  -18.4272   18.4289   -59.394     0.000   0   0   1   0   
    0.8710    0.5839  -18.8244   18.8244   -77.084  -180.000   1   0   0   0   
    0.8710    0.5839  -18.4412   18.4428   -59.529     0.000   0   0   1   0   
    0.8720    0.5845  -18.8240   18.8240   -77.332  -180.000   1   0   0   0   
    0.8720    0.5846  -18.4546   18.4562   -59.675     0.000   0   0   1   0   
    0.8730    0.5852  -18.8236   18.8236   -77.584  -180.000   1   0   0   0   
    0.8730    0.5852  -18.4676   18.4691   -59.832     0.000   0   0   1   0   
    0.8740    0.5858  -18.8232   18.8232   -77.839  -180.000   1   0   0   0   
    0.8740    0.5858  -18.4801   18.4815   -60.001     0.000   0   0   1   0   
    0.8750    0.5865  -18.8228   18.8228   -78.098  -180.000   1   0   0   0   
    0.8750    0.5865  -18.4921   18.4935   -60.183     0.000   0   0   1   0   
    0.8760    0.5871  -18.8225   18.8225   -78.360  -180.000   1   0   0   0   
    0.8760    0.5871  -18.5036   18.5049   -60.377     0.000   0   0   1   0   
    0.8770    0.5878  -18.8221   18.8221   -78.626  -180.000   1   0   0   0   
    0.8770    0.5878  -18.5147   18.5160   -60.584     0.000   0   0   1   0   
    0.8780    0.5884  -18.8218   18.8218   -78.896  -180.000   1   0   0   0   
    0.8780    0.5884  -18.5253   18.5266   -60.806     0.000   0   0   1   0   
    0.8790    0.5891  -18.8215   18.8215   -79.169  -180.000   1   0   0   0   
    0.8790    0.5891  -18.5356   18.5367   -61.041     0.000   0   0   1   0   
    0.8800    0.5897  -18.8212   18.8212   -79.448  -180.000   1   0   0   0   
    0.8800    0.5897  -18.5454   18.5465   -61.292     0.000   0   0   1   0   
    0.8810    0.5904  -18.8210   18.8210   -79.731  -180.000   1   0   0   0   
    0.8810    0.5904  -18.5547   18.5558   -61.558     0.000   0   0   1   0
    0.8820    0.5910  -18.8207   18.8207   -80.020  -180.000   1   0   0   0   
    0.8820    0.5910  -18.5637   18.5648   -61.840     0.000   0   0   1   0
    0.8830    0.5916  -18.8204   18.8204   -80.316  -180.000   1   0   0   0   
    0.8830    0.5917  -18.5724   18.5733   -62.138     0.000   0   0   1   0
    0.8840    0.5923  -18.8202   18.8202   -80.618  -180.000   1   0   0   0   
    0.8840    0.5923  -18.5806   18.5816   -62.453     0.000   0   0   1   0
    0.8850    0.5929  -18.8200   18.8200   -80.929  -180.000   1   0   0   0   
    0.8850    0.5929  -18.5885   18.5894   -62.786     0.000   0   0   1   0
    0.8860    0.5936  -18.8198   18.8198   -81.248  -180.000   1   0   0   0   
    0.8860    0.5936  -18.5961   18.5970   -63.136     0.000   0   0   1   0
    0.8870    0.5942  -18.8196   18.8196   -81.577  -180.000   1   0   0   0   
    0.8870    0.5942  -18.6034   18.6042   -63.504     0.000   0   0   1   0
    0.8880    0.5949  -18.8195   18.8195   -81.916  -180.000   1   0   0   0   
    0.8880    0.5949  -18.6103   18.6111   -63.891     0.000   0   0   1   0
    0.8890    0.5955  -18.8193   18.8193   -82.267  -180.000   1   0   0   0
    0.8890    0.5955  -18.6170   18.6177   -64.297     0.000   0   0   1   0
    0.8900    0.5962  -18.8192   18.8192   -82.631  -180.000   1   0   0   0
    0.8900    0.5962  -18.6233   18.6240   -64.722     0.000   0   0   1   0
    0.8910    0.5968  -18.8190   18.8190   -83.008  -180.000   1   0   0   0
    0.8910    0.5968  -18.6294   18.6301   -65.167     0.000   0   0   1   0
    0.8920    0.5974  -18.8189   18.8189   -83.400  -180.000   1   0   0   0
    0.8920    0.5974  -18.6352   18.6359   -65.633     0.000   0   0   1   0
    0.8930    0.5981  -18.8188   18.8188   -83.807  -180.000   1   0   0   0
    0.8930    0.5981  -18.6408   18.6414   -66.119     0.000   0   0   1   0
    0.8940    0.5987  -18.8187   18.8187   -84.231  -180.000   1   0   0   0
    0.8940    0.5987  -18.6462   18.6467   -66.625     0.000   0   0   1   0
    0.8950    0.5994  -18.8186   18.8186   -84.672  -180.000   1   0   0   0
    0.8950    0.5994  -18.6513   18.6518   -67.154     0.000   0   0   1   0
    0.8960    0.6000  -18.8186   18.8186   -85.132  -180.000   1   0   0   0
    0.8960    0.6000  -18.6562   18.6567   -67.703     0.000   0   0   1   0
    0.8970    0.6007  -18.8185   18.8185   -85.610  -180.000   1   0   0   0
    0.8970    0.6007  -18.6609   18.6614   -68.275     0.000   0   0   1   0
    0.8980    0.6013  -18.8184   18.8184   -86.108  -180.000   1   0   0   0
    0.8980    0.6013  -18.6654   18.6659   -68.870     0.000   0   0   1   0
    0.8990    0.6019  -18.8184   18.8184   -86.627  -180.000   1   0   0   0
    0.8990    0.6019  -18.6697   18.6702   -69.486     0.000   0   0   1   0
    0.9000    0.6026  -18.8183   18.8183   -87.167  -180.000   1   0   0   0
    0.9000    0.6026  -18.6738   18.6743   -70.126     0.000   0   0   1   0
    0.9010    0.6032  -18.8183   18.8183   -87.729  -180.000   1   0   0   0
    0.9010    0.6032  -18.6778   18.6782   -70.790     0.000   0   0   1   0
    0.9020    0.6039  -18.8182   18.8182   -88.314  -180.000   1   0   0   0
    0.9020    0.6039  -18.6816   18.6820   -71.477     0.000   0   0   1   0
    0.9030    0.6045  -18.8182   18.8182   -88.921  -180.000   1   0   0   0
    0.9030    0.6045  -18.6852   18.6856   -72.187     0.000   0   0   1   0
    0.9040    0.6052  -18.8182   18.8182   -89.553  -180.000   1   0   0   0
    0.9040    0.6052  -18.6887   18.6891   -72.923     0.000   0   0   1   0
    0.9050    0.6058  -18.8182   18.8182   -90.209  -180.000   1   0   0   0
    0.9050    0.6058  -18.6921   18.6924   -73.682     0.000   0   0   1   0
    0.9060    0.6064  -18.8181   18.8181   -90.889  -180.000   1   0   0   0
    0.9060    0.6064  -18.6953   18.6957   -74.467     0.000   0   0   1   0
    0.9070    0.6071  -18.8181   18.8181   -91.595  -180.000   1   0   0   0
    0.9070    0.6071  -18.6984   18.6987   -75.277     0.000   0   0   1   0
    0.9080    0.6077  -18.8181   18.8181   -92.327  -180.000   1   0   0   0
    0.9080    0.6077  -18.7014   18.7017   -76.112     0.000   0   0   1   0
    0.9090    0.6084  -18.8181   18.8181   -93.085  -180.000   1   0   0   0
    0.9090    0.6084  -18.7043   18.7045   -76.972     0.000   0   0   1   0
    0.9100    0.6090  -18.8181   18.8181   -93.869  -180.000   1   0   0   0
    0.9100    0.6090  -18.7070   18.7073   -77.859     0.000   0   0   1   0
    0.9110    0.6096  -18.8180   18.8180   -94.680  -180.000   1   0   0   0
    0.9110    0.6096  -18.7096   18.7099   -78.772     0.000   0   0   1   0
    0.9120    0.6103  -18.8180   18.8180   -95.519  -180.000   1   0   0   0
    0.9120    0.6103  -18.7122   18.7124   -79.712     0.000   0   0   1   0
    0.9130    0.6109  -18.8180   18.8180   -96.385  -180.000   1   0   0   0
    0.9130    0.6109  -18.7146   18.7149   -80.678     0.000   0   0   1   0
    0.9140    0.6116  -18.8180   18.8180   -97.278  -180.000   1   0   0   0
    0.9140    0.6116  -18.7170   18.7172   -81.671     0.000   0   0   1   0
    0.9150    0.6122  -18.8180   18.8180   -98.201  -180.000   1   0   0   0
    0.9150    0.6122  -18.7193   18.7195   -82.692     0.000   0   0   1   0
    0.9160    0.6128  -18.8180   18.8180   -99.151  -180.000   1   0   0   0
    0.9160    0.6128  -18.7215   18.7217   -83.740     0.000   0   0   1   0
    0.9170    0.6135  -18.8180   18.8180  -100.131  -180.000   1   0   0   0
    0.9170    0.6135  -18.7236   18.7238   -84.816     0.000   0   0   1   0
    0.9180    0.6141  -18.8180   18.8180  -101.139  -180.000   1   0   0   0
    0.9180    0.6141  -18.7256   18.7258   -85.919     0.000   0   0   1   0
    0.9190    0.6148  -18.8180   18.8180  -102.177  -180.000   1   0   0   0
    0.9190    0.6147  -18.7275   18.7277   -87.051     0.000   0   0   1   0
    0.9200    0.6154  -18.8180   18.8180  -103.245  -180.000   1   0   0   0
    0.9200    0.6154  -18.7294   18.7296   -88.212     0.000   0   0   1   0
    0.9210    0.6160  -18.8180   18.8180  -104.342  -180.000   1   0   0   0
    0.9210    0.6160  -18.7313   18.7314   -89.401     0.000   0   0   1   0
    0.9220    0.6167  -18.8180   18.8180  -105.470  -180.000   1   0   0   0
    0.9220    0.6167  -18.7330   18.7332   -90.619     0.000   0   0   1   0
    0.9230    0.6173  -18.8180   18.8180  -106.627  -180.000   1   0   0   0
    0.9230    0.6173  -18.7347   18.7349   -91.867     0.000   0   0   1   0
    0.9240    0.6179  -18.8180   18.8180  -107.816  -180.000   1   0   0   0
    0.9240    0.6179  -18.7364   18.7365   -93.144     0.000   0   0   1   0
    0.9250    0.6186  -18.8180   18.8180  -109.035  -180.000   1   0   0   0
    0.9250    0.6186  -18.7379   18.7381   -94.450     0.000   0   0   1   0
    0.9260    0.6192  -18.8180   18.8180  -110.285  -180.000   1   0   0   0
    0.9260    0.6192  -18.7395   18.7396   -95.787     0.000   0   0   1   0
    0.9270    0.6199  -18.8179   18.8179  -111.566  -180.000   1   0   0   0
    0.9270    0.6198  -18.7410   18.7411   -97.153     0.000   0   0   1   0
    0.9280    0.6205  -18.8179   18.8179  -112.879  -180.000   1   0   0   0
    0.9280    0.6205  -18.7424   18.7425   -98.550     0.000   0   0   1   0
    0.9290    0.6211  -18.8179   18.8179  -114.223  -180.000   1   0   0   0
    0.9290    0.6211  -18.7438   18.7439   -99.977     0.000   0   0   1   0
    0.9300    0.6218  -18.8179   18.8179  -115.599  -180.000   1   0   0   0
    0.9300    0.6218  -18.7451   18.7453  -101.435     0.000   0   0   1   0
    0.9310    0.6224  -18.8179   18.8179  -117.007  -180.000   1   0   0   0
    0.9310    0.6224  -18.7464   18.7466  -102.925     0.000   0   0   1   0
    0.9320    0.6230  -18.8179   18.8179  -118.448  -180.000   1   0   0   0
    0.9320    0.6230  -18.7477   18.7478  -104.445     0.000   0   0   1   0
    0.9330    0.6237  -18.8179   18.8179  -119.921  -180.000   1   0   0   0
    0.9330    0.6237  -18.7489   18.7490  -105.997     0.000   0   0   1   0
    0.9340    0.6243  -18.8179   18.8179  -121.426  -180.000   1   0   0   0
    0.9340    0.6243  -18.7501   18.7502  -107.580     0.000   0   0   1   0
    0.9350    0.6249  -18.8179   18.8179  -122.965  -180.000   1   0   0   0
    0.9350    0.6249  -18.7512   18.7514  -109.195     0.000   0   0   1   0
    0.9360    0.6256  -18.8179   18.8179  -124.536  -180.000   1   0   0   0
    0.9360    0.6256  -18.7524   18.7525  -110.843     0.000   0   0   1   0
    0.9370    0.6262  -18.8179   18.8179  -126.140  -180.000   1   0   0   0
    0.9370    0.6262  -18.7534   18.7535  -112.522     0.000   0   0   1   0
    0.9380    0.6269  -18.8179   18.8179  -127.778  -180.000   1   0   0   0
    0.9380    0.6268  -18.7545   18.7546  -114.235     0.000   0   0   1   0
    0.9390    0.6275  -18.8179   18.8179  -129.450  -180.000   1   0   0   0
    0.9390    0.6275  -18.7555   18.7556  -115.979     0.000   0   0   1   0
    0.9400    0.6281  -18.8179   18.8179  -131.155  -180.000   1   0   0   0
    0.9400    0.6281  -18.7565   18.7566  -117.757     0.000   0   0   1   0
    0.9410    0.6288  -18.8179   18.8179  -132.895  -180.000   1   0   0   0
    0.9410    0.6287  -18.7574   18.7575  -119.568     0.000   0   0   1   0
    0.9420    0.6294  -18.8179   18.8179  -134.668  -180.000   1   0   0   0
    0.9420    0.6294  -18.7584   18.7585  -121.412     0.000   0   0   1   0
    0.9430    0.6300  -18.8179   18.8179  -136.476  -180.000   1   0   0   0
    0.9430    0.6300  -18.7593   18.7594  -123.290     0.000   0   0   1   0
    0.9440    0.6307  -18.8179   18.8179  -138.318  -180.000   1   0   0   0
    0.9440    0.6306  -18.7602   18.7602  -125.202     0.000   0   0   1   0
    0.9450    0.6313  -18.8179   18.8179  -140.196  -180.000   1   0   0   0
    0.9450    0.6313  -18.7610   18.7611  -127.147     0.000   0   0   1   0
    0.9460    0.6319  -18.8179   18.8179  -142.108  -180.000   1   0   0   0
    0.9460    0.6319  -18.7618   18.7619  -129.127     0.000   0   0   1   0
    0.9470    0.6326  -18.8179   18.8179  -144.055  -180.000   1   0   0   0
    0.9470    0.6325  -18.7627   18.7627  -131.141     0.000   0   0   1   0
    0.9480    0.6332  -18.8179   18.8179  -146.038  -180.000   1   0   0   0
    0.9480    0.6332  -18.7634   18.7635  -133.190     0.000   0   0   1   0
    0.9490    0.6338  -18.8179   18.8179  -148.056  -180.000   1   0   0   0
    0.9490    0.6338  -18.7642   18.7643  -135.273     0.000   0   0   1   0
    0.9500    0.6345  -18.8179   18.8179  -150.109  -180.000   1   0   0   0
    0.9500    0.6344  -18.7650   18.7650  -137.392     0.000   0   0   1   0
    0.9510    0.6351  -18.8179   18.8179  -152.199  -180.000   1   0   0   0
    0.9510    0.6351  -18.7657   18.7658  -139.545     0.000   0   0   1   0
    0.9520    0.6357  -18.8179   18.8179  -154.325  -180.000   1   0   0   0
    0.9520    0.6357  -18.7664   18.7665  -141.734     0.000   0   0   1   0
    0.9530    0.6364  -18.8179   18.8179  -156.487  -180.000   1   0   0   0
    0.9530    0.6363  -18.7671   18.7672  -143.959     0.000   0   0   1   0
    0.9540    0.6370  -18.8179   18.8179  -158.685  -180.000   1   0   0   0
    0.9540    0.6370  -18.7678   18.7678  -146.220     0.000   0   0   1   0
    0.9550    0.6376  -18.8179   18.8179  -160.920  -180.000   1   0   0   0
    0.9550    0.6376  -18.7684   18.7685  -148.516     0.000   0   0   1   0
    0.9560    0.6382  -18.8179   18.8179  -163.192  -180.000   1   0   0   0
    0.9560    0.6382  -18.7691   18.7691  -150.849     0.000   0   0   1   0
    0.9570    0.6389  -18.8179   18.8179  -165.501  -180.000   1   0   0   0
    0.9570    0.6389  -18.7697   18.7697  -153.218     0.000   0   0   1   0
    0.9580    0.6395  -18.8179   18.8179  -167.847  -180.000   1   0   0   0
    0.9580    0.6395  -18.7703   18.7704  -155.624     0.000   0   0   1   0
    0.9590    0.6401  -18.8179   18.8179  -170.231  -180.000   1   0   0   0
    0.9590    0.6401  -18.7709   18.7709  -158.067     0.000   0   0   1   0
    0.9600    0.6408  -18.8179   18.8179  -172.652  -180.000   1   0   0   0
    0.9600    0.6408  -18.7715   18.7715  -160.546     0.000   0   0   1   0
    0.9610    0.6414  -18.8179   18.8179  -175.111  -180.000   1   0   0   0
    0.9610    0.6414  -18.7720   18.7721  -163.063     0.000   0   0   1   0
    0.9620    0.6420  -18.8179   18.8179  -177.607  -180.000   1   0   0   0
    0.9620    0.6420  -18.7726   18.7726  -165.618     0.000   0   0   1   0
    0.9630    0.6427  -18.8179   18.8179  -180.142  -180.000   1   0   0   0
    0.9630    0.6426  -18.7731   18.7732  -168.210     0.000   0   0   1   0
    0.9640    0.6433  -18.8179   18.8179  -182.716  -180.000   1   0   0   0
    0.9640    0.6433  -18.7737   18.7737  -170.840     0.000   0   0   1   0
    0.9650    0.6439  -18.8179   18.8179  -185.328  -180.000   1   0   0   0
    0.9650    0.6439  -18.7742   18.7742  -173.508     0.000   0   0   1   0
    0.9660    0.6445  -18.8179   18.8179  -187.979  -180.000   1   0   0   0
    0.9660    0.6445  -18.7747   18.7747  -176.214     0.000   0   0   1   0
    0.9670    0.6452  -18.8179   18.8179  -190.668  -180.000   1   0   0   0
    0.9670    0.6452  -18.7752   18.7752  -178.959     0.000   0   0   1   0
    0.9680    0.6458  -18.8179   18.8179  -193.397  -180.000   1   0   0   0
    0.9680    0.6458  -18.7757   18.7757  -181.743     0.000   0   0   1   0
    0.9690    0.6464  -18.8179   18.8179  -196.165  -180.000   1   0   0   0
    0.9690    0.6464  -18.7761   18.7762  -184.565     0.000   0   0   1   0
    0.9700    0.6471  -18.8179   18.8179  -198.973  -180.000   1   0   0   0
    0.9700    0.6470  -18.7766   18.7766  -187.426     0.000   0   0   1   0
    0.9710    0.6477  -18.8179   18.8179  -201.820  -180.000   1   0   0   0
    0.9710    0.6477  -18.7771   18.7771  -190.327     0.000   0   0   1   0
    0.9720    0.6483  -18.8179   18.8179  -204.707  -180.000   1   0   0   0
    0.9720    0.6483  -18.7775   18.7775  -193.267     0.000   0   0   1   0
    0.9730    0.6489  -18.8179   18.8179  -207.635  -180.000   1   0   0   0
    0.9730    0.6489  -18.7779   18.7780  -196.247     0.000   0   0   1   0
    0.9740    0.6496  -18.8179   18.8179  -210.602  -180.000   1   0   0   0
    0.9740    0.6496  -18.7784   18.7784  -199.267     0.000   0   0   1   0
    0.9750    0.6502  -18.8179   18.8179  -213.611  -180.000   1   0   0   0
    0.9750    0.6502  -18.7788   18.7788  -202.327     0.000   0   0   1   0
    0.9760    0.6508  -18.8179   18.8179  -216.659  -180.000   1   0   0   0
    0.9760    0.6508  -18.7792   18.7792  -205.427     0.000   0   0   1   0
    0.9770    0.6515  -18.8179   18.8179  -219.749  -180.000   1   0   0   0
    0.9770    0.6514  -18.7796   18.7796  -208.568     0.000   0   0   1   0
    0.9780    0.6521  -18.8179   18.8179  -222.880  -180.000   1   0   0   0
    0.9780    0.6521  -18.7800   18.7800  -211.749     0.000   0   0   1   0
    0.9790    0.6527  -18.8179   18.8179  -226.052  -180.000   1   0   0   0
    0.9790    0.6527  -18.7804   18.7804  -214.972     0.000   0   0   1   0
    0.9800    0.6533  -18.8179   18.8179  -229.266  -180.000   1   0   0   0
    0.9800    0.6533  -18.7807   18.7808  -218.235     0.000   0   0   1   0
    0.9810    0.6540  -18.8179   18.8179  -232.521  -180.000   1   0   0   0
    0.9810    0.6539  -18.7811   18.7811  -221.540     0.000   0   0   1   0
    0.9820    0.6546  -18.8179   18.8179  -235.818  -180.000   1   0   0   0
    0.9820    0.6546  -18.7815   18.7815  -224.887     0.000   0   0   1   0
    0.9830    0.6552  -18.8179   18.8179  -239.158  -180.000   1   0   0   0
    0.9830    0.6552  -18.7818   18.7819  -228.275     0.000   0   0   1   0
    0.9840    0.6558  -18.8179   18.8179  -242.539  -180.000   1   0   0   0
    0.9840    0.6558  -18.7822   18.7822  -231.705     0.000   0   0   1   0
    0.9850    0.6565  -18.8179   18.8179  -245.963  -180.000   1   0   0   0
    0.9850    0.6565  -18.7825   18.7825  -235.177     0.000   0   0   1   0
    0.9860    0.6571  -18.8179   18.8179  -249.430  -180.000   1   0   0   0
    0.9860    0.6571  -18.7828   18.7829  -238.692     0.000   0   0   1   0
    0.9870    0.6577  -18.8179   18.8179  -252.940  -180.000   1   0   0   0
    0.9870    0.6577  -18.7832   18.7832  -242.249     0.000   0   0   1   0
    0.9880    0.6583  -18.8179   18.8179  -256.492  -180.000   1   0   0   0
    0.9880    0.6583  -18.7835   18.7835  -245.849     0.000   0   0   1   0
    0.9890    0.6590  -18.8179   18.8179  -260.088  -180.000   1   0   0   0
    0.9890    0.6590  -18.7838   18.7838  -249.492     0.000   0   0   1   0
    0.9900    0.6596  -18.8179   18.8179  -263.728  -180.000   1   0   0   0
    0.9900    0.6596  -18.7841   18.7842  -253.178     0.000   0   0   1   0
    0.9910    0.6602  -18.8179   18.8179  -267.411  -180.000   1   0   0   0
    0.9910    0.6602  -18.7844   18.7845  -256.908     0.000   0   0   1   0
    0.9920    0.6608  -18.8179   18.8179  -271.138  -180.000   1   0   0   0
    0.9920    0.6608  -18.7847   18.7848  -260.681     0.000   0   0   1   0
    0.9930    0.6615  -18.8179   18.8179  -274.909  -180.000   1   0   0   0
    0.9930    0.6614  -18.7850   18.7851  -264.498     0.000   0   0   1   0
    0.9940    0.6621  -18.8179   18.8179  -278.725  -180.000   1   0   0   0
    0.9940    0.6621  -18.7853   18.7853  -268.359     0.000   0   0   1   0
    0.9950    0.6627  -18.8179   18.8179  -282.585  -180.000   1   0   0   0
    0.9950    0.6627  -18.7856   18.7856  -272.264     0.000   0   0   1   0
    0.9960    0.6633  -18.8179   18.8179  -286.489  -180.000   1   0   0   0
    0.9960    0.6633  -18.7859   18.7859  -276.214     0.000   0   0   1   0
    0.9970    0.6640  -18.8179   18.8179  -290.439  -180.000   1   0   0   0
    0.9970    0.6639  -18.7862   18.7862  -280.208     0.000   0   0   1   0
    0.9980    0.6646  -18.8179   18.8179  -294.434  -180.000   1   0   0   0
    0.9980    0.6646  -18.7864   18.7864  -284.247     0.000   0   0   1   0
    0.9990    0.6652  -18.8179   18.8179  -298.474  -180.000   1   0   0   0
    0.9990    0.6652  -18.7867   18.7867  -288.332     0.000   0   0   1   0
    1.0000    0.6658  -18.8179   18.8179  -302.559  -180.000   1   0   0   0
    1.0000    0.6658  -18.7870   18.7870  -292.461     0.000   0   0   1   0

